=== LOH + stable-baselines3 RL Integration Test ===

[config] LOH_SCORE_USE_IRT=1
[config] LOH_SCORE_USE_COMPOUND=1
[config] LOH_FEATURE_LOG1P=1
[config] LOH_DUAL_CHANNEL=0
[config] CACHESIM_NUM_REQ=3000000
[pre-stop] Parallel-safe mode: skip global cleanup
State dimension controlled by LOH_INCLUDE_* environment variables
状态向量维度由环境变量控制（默认：GLOBAL(2)+SAMPLE(192)=194维）
Using trace file: data/MetaCDN/meta_reag.oracleGeneral.zst
Using cache size: 0.1
Using weights: miss_ratio_weight=1.0, byte_miss_ratio_weight=0
Using LOH_SHM_KEY=141716933 (shared memory: /dev/shm/loh_ac_141716933)
Cleaning up any existing shared memory files for this run...
[0;34m开始测试LOH算法与stable-baselines3强化学习的集成...[0m
[build] LOH_SKIP_BUILD=1, skip build step
[build] 未设置编译相关环境变量，直接复用已有 _build_dbg/bin/cachesim（不触发构建）
[python] LOH_SKIP_PIP_INSTALL=1, skip pip install
Ensuring proper permissions...
[1;33mStarting stable-baselines3 training script... (Log: ac_sb3_meta_lower_omr_3m_v2_1213_135303_008_r02.log)[0m
Python script: scripts/loh_actor_critic_sb3.py
RL Algorithm: SAC
Miss ratio weight: 1.0
Waiting for Python script to create shared memory file...
[wait 0s/240s] Waiting for /dev/shm/loh_ac_141716933 ... (python pid=819946)
Shared memory file successfully created by Python.
-rw-rw-rw- 1 dingkp dingkp 9728 12月 13 14:17 /dev/shm/loh_ac_141716933
[0;32mstable-baselines3 script is running with PID: 819946[0m

[0;34mRunning cache simulation with eviction algorithm LOH (with SB3 integration)...[0m
You should see training updates if the system is working correctly.
Using trace file: data/MetaCDN/meta_reag.oracleGeneral.zst (type: oracleGeneral, cache size ratio: 0.1)
[1;33mRunning cachesim with the following parameters:[0m
  Trace file: data/MetaCDN/meta_reag.oracleGeneral.zst
  Trace type: oracleGeneral
  Cache size ratio: 0.1
  Eviction: LOH (with SB3 RL)
  Num requests: 3000000
  Python script: loh_actor_critic_sb3.py
  LOH_FIXED_WEIGHTS: <unset>
[0;34mRunning cachesim... (Log: cachesim_sb3_meta_lower_omr_3m_v2_1213_135303_008_r02.log)[0m
  Miss ratio weight: 1.0
  Byte miss ratio weight: 0
  RL update interval: 500
  Num requests: 3000000
Using rl_update_interval=500 for cachesim
Executing cachesim command:
 _build_dbg/bin/cachesim data/MetaCDN/meta_reag.oracleGeneral.zst oracleGeneral LOH 0.1 --eviction-params=miss-ratio-weight=1.0\,rl-update-interval=500 --num-req=3000000 -v 1
[0;32mCachesim execution completed successfully.[0m

[1;33mCachesim execution output summary:[0m
----------------------------------------
data/MetaCDN/meta_reag.oracleGeneral.zst LOH-OMR cache size     1TiB,          3000000 req, miss ratio 0.3683, byte miss ratio 0.2179, throughput 0.04 MQPS
----------------------------------------
Full log available in cachesim_sb3_meta_lower_omr_3m_v2_1213_135303_008_r02.log

[1;33mstable-baselines3 training output:[0m
----------------------------------------
[772961.029667] Step 5408 completed, total duration 0.002281 seconds
[Step 5408] Observation returned to RL agent: [0.628   , 0.957788, 0.344433, 0.050172, 0.944027, 0.095983, 0.050172, 0.493251, 0.037131, 0.07952 , 0.493251, 0.037131, 0.100343, 0.493251, 0.037131, 0.116495, 0.493251, 0.037131, 0.129692, 0.493251, 1.      , 0.      , 0.352086, 0.137402, 0.979924, 0.368645, 0.037131, 0.979924, 0.368645, 1.      , 0.      , 0.610375, 1.      , 0.      , 0.470267, 0.658338, 0.129692, 0.583903, 0.194862, 0.483667, 0.783707, 1.      , 0.      , 0.407757, 0.730152, 0.07952 , 0.435894, 1.      , 0.      , 0.500513, 1.      , 0.      , 0.415117, 0.567652, 0.272245, 0.315261, 0.128453, 0.979924, 0.368645, 1.      , 0.      , 0.347257, 1.      , 0.      , 0.541223, 0.524391, 0.434576, 0.505988, 0.086216, 0.979924, 0.368645, 1.      , 0.      , 0.502427, 1.      , 0.      , 0.330885, 0.074262, 0.979925, 0.368645, 0.317499, 0.050172, 0.465386, 0.517189, 0.417071, 0.473247, 0.074262, 0.979925, 0.368645, 1.      , 0.      , 0.284873, 0.610634, 0.050172, 0.561024, 0.267332, 0.050172, 0.756515, 0.086216, 0.979925, 0.368645, 0.037131, 0.979925, 0.368645, 0.748324, 0.050172, 0.37837 , 0.536247, 0.14085 , 0.37658 , 0.380869, 0.417525, 0.459103, 0.086216, 0.979925, 0.368645, 0.625201, 0.116495, 0.436034, 0.178503, 0.483758, 0.783707, 1.      , 0.      , 0.475708, 1.      , 0.      , 0.555205, 0.095983, 0.979925, 0.368645, 0.037131, 0.979925, 0.368645, 1.      , 0.      , 0.574573, 0.058851, 0.979925, 0.368645, 0.737413, 0.07952 , 0.419366, 0.263558, 0.07952 , 0.47331 , 0.666401, 0.196015, 0.347861, 0.724571, 0.050172, 0.487495, 1.      , 0.      , 0.068499, 0.10424 , 0.979925, 0.368645, 0.668695, 0.100343, 0.488479, 0.058851, 0.979925, 0.368645, 1.      , 0.      , 0.494135, 0.117703, 0.100343, 0.47331 , 0.074262, 0.979926, 0.368645, 1.      , 0.      , 0.523235, 0.458027, 0.319846, 0.464875, 1.      , 0.      , 0.398396, 0.086216, 0.979926, 0.368645, 0.716967, 0.050172, 0.4913  , 0.217514, 0.14085 , 0.493251, 0.037131, 0.150515, 0.493251, 0.567231, 0.050172, 0.441307, 0.095983, 0.979926, 0.368645, 0.037131, 0.979926, 0.368645, 0.037131, 0.979926, 0.368645, 0.037131, 0.979926, 0.368645, 0.563822, 0.398194, 0.466612, 0.464585, 0.40786 , 0.472239, 0.208481, 0.050172, 0.502427, 0.086216, 0.979926, 0.368645, 1.      , 0.      , 0.513851, 1.      , 0.      , 0.587998, 1.      , 0.      , 0.401192, 0.284623, 0.223737, 0.582233, 1.      , 0.      , 0.392703, 1.      , 0.      , 0.587998, 0.30242 , 0.573485, 0.527542, 0.117703, 0.979926, 0.368645, 1.      , 0.      , 0.415167, 0.058851, 0.979926, 0.368645, 1.      , 0.      , 0.5705  , 0.058851, 0.979926, 0.368645, 0.037131, 0.979926, 0.368645, 1.      , 0.      , 0.391721, 1.      , 0.      , 0.463712, 0.074262, 0.979927, 0.368645, 1.      , 0.      , 0.412386, 0.771621, 0.050172, 0.452861, 0.193433, 0.116495, 0.47331 , 0.284092, 0.307516, 0.668221, 0.095983, 0.979927, 0.368645, 1.      , 0.      , 0.576311, 0.666646, 0.07952 , 0.482908, 0.095983, 0.129692, 0.47331 , 1.      , 0.      , 0.610752, 0.095983, 0.979927, 0.368645, 0.282743, 0.615592, 0.884281, 1.      , 0.      , 0.522608, 1.      , 0.      , 0.500206, 0.086216, 0.979927, 0.368645, 1.      , 0.      , 0.452316, 0.123347, 0.100343, 0.482908, 0.074262, 0.979927, 0.368645, 1.      , 0.      , 0.505506, 0.713579, 0.050172, 0.36697 , 0.550134, 0.344698, 0.44902 , 1.      , 0.      , 0.325536, 0.185656, 0.573511, 0.527542, 1.      , 0.      , 0.539404, 0.111393, 0.979927, 0.368645, 1.      , 0.      , 0.323775, 1.      , 0.      , 0.395211, 0.378543, 0.587334, 0.563441, 0.058851, 0.050172, 0.395211, 1.      , 0.      , 0.359719, 1.      , 0.      , 0.404382, 0.663862, 0.129692, 0.505676, 1.      , 0.      , 0.331135, 0.517708, 0.191021, 0.546587, 0.128453, 0.979927, 0.368645, 0.058851, 0.196015, 0.546587, 0.058851, 0.979927, 0.368645, 1.      , 0.      , 0.284449, 1.      , 0.      , 0.587998, 0.074262, 0.979927, 0.368645, 0.037131, 0.979927, 0.368645, 0.037131, 0.979928, 0.368645, 0.355901, 0.185657, 0.418974, 0.058851, 0.979928, 0.368645, 0.56682 , 0.100343, 0.587998, 1.      , 0.      , 0.587998, 0.285668, 0.07952 , 0.528294, 0.463883, 0.520369, 0.328569, 0.578371, 0.100343, 0.296116, 1.      , 0.      , 0.422102, 0.411369, 0.050172, 0.587998, 0.117703, 0.979928, 0.368645, 0.424309, 0.275535, 0.298479, 0.293815, 0.302152, 0.740083, 0.074262, 0.979928, 0.368645, 1.      , 0.      , 0.430158, 1.      , 0.      , 0.357086, 0.074262, 0.979928, 0.368645, 0.320553, 0.050172, 0.475936, 0.058851, 0.979928, 0.368645, 0.037131, 0.979928, 0.368645, 1.      , 0.      , 0.504555, 1.      , 0.      , 0.371797, 1.      , 0.      , 0.492038, 1.      , 0.      , 0.577754, 1.      , 0.      , 0.555465, 0.284623, 0.540878, 0.442514, 0.21933 , 0.14085 , 0.47331 , 0.647289, 0.050172, 0.542912, 0.434241, 0.278683, 0.477368, 0.260335, 0.07952 , 0.561024, 1.      , 0.      , 0.520396, 0.095983, 0.150515, 0.47331 , 1.      , 0.      , 0.401831, 0.623075, 0.400806, 0.738283, 1.      , 0.      , 0.414349, 1.      , 0.      , 0.396436, 1.      , 0.      , 0.335685, 0.467616, 0.050172, 0.756515, 0.160478, 0.979928, 0.368645, 0.213686, 0.587356, 0.563441, 1.      , 0.      , 0.419591, 1.      , 0.      , 0.499092, 0.429319, 0.416614, 0.471307, 0.428767, 0.495598, 0.566262, 1.      , 0.      , 0.424431, 1.      , 0.      , 0.561181, 0.117703, 0.979928, 0.368645, 0.037131, 0.979928, 0.368645, 1.      , 0.      , 0.679708, 0.058851, 0.979928, 0.368645, 0.599429, 0.15904 , 0.288218, 0.265478, 0.483848, 0.783707, 0.490142, 0.223737, 0.381462, 1.      , 0.      , 0.318083, 1.      , 0.      , 0.37317 , 1.      , 0.      , 0.587998, 0.111393, 0.979929, 0.368645, 1.      , 0.      , 0.5444  , 0.058851, 0.979929, 0.368645, 1.      , 0.      , 0.435318, 0.058851, 0.979929, 0.368645, 0.037131, 0.979929, 0.368645, 1.      , 0.      , 0.491488, 0.236713, 0.573537, 0.527542, 1.      , 0.      , 0.416516, 0.592539, 0.261367, 0.360858, 1.      , 0.      , 0.501601, 1.      , 0.      , 0.455305, 1.      , 0.      , 0.449266, 1.      , 0.      , 0.499304, 0.688499, 0.07952 , 0.353032]
==================================================
[ReplayBuffer] pos=5407, reward=0.628000, evicted_bytes=0, evicted_count=0
[772961.033069] [CALLBACK-ROLLOUT] <<< 推理阶段结束 (rollout #338) - 通知C端进入训练模式
[772961.033096] [CALLBACK-STATS] 本轮推理收集了 5408 步数据
[772961.033124] _set_training_mode(True) - is_training=1 written

🔍 [SAMPLE DEBUG #0]
  - effective_size: 5408
  - self.pos: 5408
  - self.full: False
  - buffer_full: False
  - exclude_recent_steps: 2000
  - batch_size: 256
  - Buffer未满，采样范围: [0, 3408)
  - Sample indices (first 5): [1352  502 1244  294 2289]
[772961.116863] [CALLBACK-ROLLOUT] >>> 推理阶段开始 (rollout #339) - 通知C端可以通信
[772961.117049] _set_training_mode(False) - is_training=0 written
[Step 5409] [772961.122724] step started
[Step 5409] Action logits (dim=6): [-0.533, -0.195, 1.309, 0.114, -0.367, -1.235]
[TIMING][Python] Model inference (softmax): 0.000339 seconds
[TIMING][Python] Wait for C ready: 0.000032 seconds (1 iterations)
[SEM][Python] posting ack semaphore for seq 5409
[SEM][Python] sem_post ack seq 5409
[TIMING][Python] Write weights total: 0.000220 seconds (shm: 0.000053, sem_post: 0.000127)
[WEIGHTS_UPDATED] [seq 5409] dim=6/6 [0.134117, 0.169114, 0.167689, 0.211092, 0.166879, 0.151108]
[Step 5409] Weights: [0.13411747 0.16911423 0.1676894  0.21109176 0.16687919 0.15110795]
[772961.123813] weights write completed, total time 0.001088 seconds
[772961.124202] waiting for C-side response (expecting new version != 5409)
----------------------------------------

[1;33m检查日志中的错误信息...[0m
[0;32mPython日志中未检测到错误信息。[0m

[1;33mStopping stable-baselines3 training script gracefully...[0m
Python process exited gracefully.
Cleaning up shared memory file...
Removed existing shared memory file /dev/shm/loh_ac_141716933

[0;34m=== stable-baselines3 训练结果分析 ===[0m

[1;33mC++性能指标分析 (发送给RL):[0m
[0;31m未检测到C++性能指标日志。[0m

[1;33mSB3训练与奖励分析 (Python端):[0m
[0;32m检测到自定义训练/通信日志，SB3循环正常运行。[0m
📊 Step事件: 32451 次，权重写入: 5409 次

[1;33m最近的事件片段:[0m
[Step 5407] Weights: [0.1200541  0.18676035 0.1409954  0.22669339 0.14603421 0.17946254]
[772961.020179] weights write completed, total time 0.000605 seconds
[Step 5407] State info:
[Step 5407] Immediate reward: 1.000 * 0.652000 + 0.000 * 0.553017 = 0.652000
[Step 5407] Observation returned to RL agent: [0.652   , 0.553017, 0.086216, 0.979913, 0.368645, 1.      , 0.      , 0.547574, 1.      , 0.      , 0.416097, 0.074262, 0.979914, 0.368645, 0.693317, 0.116495, 0.530641, 1.      , 0.      , 0.446549, 0.074262, 0.979914, 0.368645, 0.71807 , 0.100343, 0.525252, 0.058851, 0.979914, 0.368645, 1.      , 0.      , 0.441444, 0.058851, 0.979914, 0.368645, 0.710915, 0.050172, 0.472682, 0.489742, 0.050172, 0.522273, 0.074262, 0.979914, 0.368645, 0.037131, 0.979914, 0.368645, 0.037131, 0.979914, 0.368645, 1.      , 0.      , 0.419578, 1.      , 0.      , 0.435295, 1.      , 0.      , 0.463195, 0.037131, 0.050172, 0.463195, 0.037131, 0.07952 , 0.463195, 0.037131, 0.100343, 0.463195, 1.      , 0.      , 0.490348, 1.      , 0.      , 0.464751, 1.      , 0.      , 0.285188, 0.128453, 0.979914, 0.368645, 0.467294, 0.397601, 0.54541 , 1.      , 0.      , 0.323521, 1.      , 0.      , 0.647787, 1.      , 0.      , 0.325353, 0.4765  , 0.363163, 0.493023, 0.10424 , 0.979914, 0.368645, 0.037131, 0.979914, 0.368645, 0.419147, 0.376679, 0.472597, 1.      , 0.      , 0.477598, 1.      , 0.      , 0.39726 , 1.      , 0.      , 0.451241, 0.687092, 0.116495, 0.491595, 0.628651, 0.255246, 0.665334, 0.111393, 0.979915, 0.368645, 0.749223, 0.050172, 0.587196, 0.058851, 0.979915, 0.368645, 0.037131, 0.979915, 0.368645, 0.037131, 0.979915, 0.368645, 1.      , 0.      , 0.305686, 1.      , 0.      , 0.366484, 1.      , 0.      , 0.515283, 0.274485, 0.476723, 0.396256, 0.266966, 0.540713, 0.442514, 1.      , 0.      , 0.496242, 1.      , 0.      , 0.293956, 0.117703, 0.979915, 0.368645, 0.037131, 0.979915, 0.368645, 0.037131, 0.979915, 0.368645, 0.571201, 0.191021, 0.756515, 0.037131, 0.196015, 0.756515, 0.037131, 0.200687, 0.756515, 0.037131, 0.205075, 0.756515, 0.037131, 0.209212, 0.756515, 0.037131, 0.213126, 0.756515, 0.037131, 0.216838, 0.756515, 0.037131, 0.22037 , 0.756515, 0.037131, 0.223737, 0.756515, 0.037131, 0.226955, 0.756515, 0.037131, 0.230035, 0.756515, 0.037131, 0.23299 , 0.756515, 0.037131, 0.235829, 0.756515, 0.145067, 0.979915, 0.368645, 0.722553, 0.050172, 0.504998, 0.339646, 0.536116, 0.588138, 1.      , 0.      , 0.40203 , 1.      , 0.      , 0.3956  , 1.      , 0.      , 0.535961, 1.      , 0.      , 0.545192, 1.      , 0.      , 0.687402, 0.702293, 0.116495, 0.530988, 0.239846, 0.173565, 0.318945, 1.      , 0.      , 0.568771, 0.133114, 0.979915, 0.368645, 0.037131, 0.979915, 0.368645, 1.      , 0.      , 0.360054, 0.111393, 0.050172, 0.687402, 0.123347, 0.050172, 0.545192, 1.      , 0.      , 0.455948, 0.537444, 0.278683, 0.337775, 0.380693, 0.351202, 0.57458 , 0.111393, 0.979915, 0.368645, 0.037131, 0.979916, 0.368645, 0.582189, 0.173565, 0.47238 , 0.558162, 0.280207, 0.471   , 1.      , 0.      , 0.443004, 0.086216, 0.979916, 0.368645, 1.      , 0.      , 0.4255  , 1.      , 0.      , 0.507409, 0.074262, 0.979916, 0.368645, 1.      , 0.      , 0.410226, 0.058851, 0.979916, 0.368645, 1.      , 0.      , 0.506501, 1.      , 0.      , 0.545192, 0.719547, 0.100343, 0.401693, 1.      , 0.      , 0.510494, 0.230564, 0.050172, 0.647787, 1.      , 0.      , 0.42202 , 0.682831, 0.050172, 0.426744, 1.      , 0.      , 0.413566, 0.590284, 0.191021, 0.424802, 1.      , 0.      , 0.344878, 0.095983, 0.050172, 0.42202 , 1.      , 0.      , 0.509116, 0.284623, 0.483121, 0.783707, 0.295564, 0.29989 , 0.740083, 0.148525, 0.979916, 0.368645, 0.037131, 0.979916, 0.368645, 0.141371, 0.050172, 0.510494, 0.037131, 0.07952 , 0.510494, 0.074262, 0.979916, 0.368645, 1.      , 0.      , 0.369419, 1.      , 0.      , 0.538062, 1.      , 0.      , 0.408549, 0.086216, 0.979916, 0.368645, 0.037131, 0.979916, 0.368645, 1.      , 0.      , 0.350299, 1.      , 0.      , 0.501595, 1.      , 0.      , 0.567627, 0.684537, 0.07952 , 0.490589, 0.095983, 0.979916, 0.368645, 0.342138, 0.470579, 0.57554 , 1.      , 0.      , 0.510494, 0.074262, 0.979917, 0.368645, 1.      , 0.      , 0.471067, 1.      , 0.      , 0.452729, 0.154834, 0.100343, 0.510494, 1.      , 0.      , 0.39985 , 1.      , 0.      , 0.452539, 0.074262, 0.116495, 0.510494, 0.037131, 0.129692, 0.510494, 1.      , 0.      , 0.364809, 0.141371, 0.100343, 0.490589, 0.222787, 0.129692, 0.530988, 0.133114, 0.979917, 0.368645, 0.037131, 0.979917, 0.368645, 1.      , 0.      , 0.504386, 0.536719, 0.050172, 0.587998, 0.271872, 0.573406, 0.527542, 0.086216, 0.979917, 0.368645, 1.      , 0.      , 0.458827, 1.      , 0.      , 0.425263, 0.074262, 0.979917, 0.368645, 0.037131, 0.979917, 0.368645, 1.      , 0.      , 0.4859  , 0.058851, 0.979917, 0.368645, 1.      , 0.      , 0.416374, 1.      , 0.      , 0.465386, 0.074262, 0.979917, 0.368645, 1.      , 0.      , 0.336665, 1.      , 0.      , 0.416439, 1.      , 0.      , 0.715498, 0.167965, 0.14085 , 0.510494, 1.      , 0.      , 0.385644, 1.      , 0.      , 0.552586, 0.111393, 0.979917, 0.368645, 0.284092, 0.615562, 0.884281, 0.095983, 0.150515, 0.510494, 0.074262, 0.979917, 0.368645, 0.286693, 0.305418, 0.668221, 1.      , 0.      , 0.472111, 0.074262, 0.979917, 0.368645, 1.      , 0.      , 0.405201, 1.      , 0.      , 0.651372, 0.037131, 0.050172, 0.651372, 0.086216, 0.979918, 0.368645, 1.      , 0.      , 0.498566, 1.      , 0.      , 0.415555, 1.      , 0.      , 0.44059 , 1.      , 0.      , 0.421767, 0.10424 , 0.07952 , 0.651372, 0.10424 , 0.979918, 0.368645, 0.037131, 0.979918, 0.368645, 0.037131, 0.979918, 0.368645, 0.037131, 0.979918, 0.368645, 0.790107, 0.050172, 0.404982, 0.10424 , 0.100343, 0.651372, 0.074262, 0.979918, 0.368645, 0.037131, 0.979918, 0.368645, 0.037131, 0.979918, 0.368645, 1.      , 0.      , 0.329467, 1.      , 0.      , 0.688016, 1.      , 0.      , 0.365907, 0.537274, 0.050172, 0.587998, 1.      , 0.      , 0.553103, 0.10424 , 0.979918, 0.368645, 1.      , 0.      , 0.447243, 0.632165, 0.050172, 0.425177, 0.482416, 0.100343, 0.304903, 0.086216, 0.979918, 0.368645, 0.183955, 0.050172, 0.472111, 0.058851, 0.979919, 0.368645, 0.260335, 0.53616 , 0.588138, 0.773994, 0.050172, 0.502707, 0.483914, 0.230035, 0.528324]
[ReplayBuffer] pos=5406, reward=0.652000, evicted_bytes=0, evicted_count=0
[Step 5408] [772961.027386] step started
[Step 5408] Action logits (dim=6): [1.155, -0.341, -1.426, 0.277, 1.460, -1.665]
[Step 5408] Weights: [0.13998199 0.17523941 0.12931417 0.21729188 0.17475353 0.16341902]
[772961.027951] weights write completed, total time 0.000565 seconds
[Step 5408] State info:
[Step 5408] Immediate reward: 1.000 * 0.628000 + 0.000 * 0.957788 = 0.628000
[Step 5408] Observation returned to RL agent: [0.628   , 0.957788, 0.344433, 0.050172, 0.944027, 0.095983, 0.050172, 0.493251, 0.037131, 0.07952 , 0.493251, 0.037131, 0.100343, 0.493251, 0.037131, 0.116495, 0.493251, 0.037131, 0.129692, 0.493251, 1.      , 0.      , 0.352086, 0.137402, 0.979924, 0.368645, 0.037131, 0.979924, 0.368645, 1.      , 0.      , 0.610375, 1.      , 0.      , 0.470267, 0.658338, 0.129692, 0.583903, 0.194862, 0.483667, 0.783707, 1.      , 0.      , 0.407757, 0.730152, 0.07952 , 0.435894, 1.      , 0.      , 0.500513, 1.      , 0.      , 0.415117, 0.567652, 0.272245, 0.315261, 0.128453, 0.979924, 0.368645, 1.      , 0.      , 0.347257, 1.      , 0.      , 0.541223, 0.524391, 0.434576, 0.505988, 0.086216, 0.979924, 0.368645, 1.      , 0.      , 0.502427, 1.      , 0.      , 0.330885, 0.074262, 0.979925, 0.368645, 0.317499, 0.050172, 0.465386, 0.517189, 0.417071, 0.473247, 0.074262, 0.979925, 0.368645, 1.      , 0.      , 0.284873, 0.610634, 0.050172, 0.561024, 0.267332, 0.050172, 0.756515, 0.086216, 0.979925, 0.368645, 0.037131, 0.979925, 0.368645, 0.748324, 0.050172, 0.37837 , 0.536247, 0.14085 , 0.37658 , 0.380869, 0.417525, 0.459103, 0.086216, 0.979925, 0.368645, 0.625201, 0.116495, 0.436034, 0.178503, 0.483758, 0.783707, 1.      , 0.      , 0.475708, 1.      , 0.      , 0.555205, 0.095983, 0.979925, 0.368645, 0.037131, 0.979925, 0.368645, 1.      , 0.      , 0.574573, 0.058851, 0.979925, 0.368645, 0.737413, 0.07952 , 0.419366, 0.263558, 0.07952 , 0.47331 , 0.666401, 0.196015, 0.347861, 0.724571, 0.050172, 0.487495, 1.      , 0.      , 0.068499, 0.10424 , 0.979925, 0.368645, 0.668695, 0.100343, 0.488479, 0.058851, 0.979925, 0.368645, 1.      , 0.      , 0.494135, 0.117703, 0.100343, 0.47331 , 0.074262, 0.979926, 0.368645, 1.      , 0.      , 0.523235, 0.458027, 0.319846, 0.464875, 1.      , 0.      , 0.398396, 0.086216, 0.979926, 0.368645, 0.716967, 0.050172, 0.4913  , 0.217514, 0.14085 , 0.493251, 0.037131, 0.150515, 0.493251, 0.567231, 0.050172, 0.441307, 0.095983, 0.979926, 0.368645, 0.037131, 0.979926, 0.368645, 0.037131, 0.979926, 0.368645, 0.037131, 0.979926, 0.368645, 0.563822, 0.398194, 0.466612, 0.464585, 0.40786 , 0.472239, 0.208481, 0.050172, 0.502427, 0.086216, 0.979926, 0.368645, 1.      , 0.      , 0.513851, 1.      , 0.      , 0.587998, 1.      , 0.      , 0.401192, 0.284623, 0.223737, 0.582233, 1.      , 0.      , 0.392703, 1.      , 0.      , 0.587998, 0.30242 , 0.573485, 0.527542, 0.117703, 0.979926, 0.368645, 1.      , 0.      , 0.415167, 0.058851, 0.979926, 0.368645, 1.      , 0.      , 0.5705  , 0.058851, 0.979926, 0.368645, 0.037131, 0.979926, 0.368645, 1.      , 0.      , 0.391721, 1.      , 0.      , 0.463712, 0.074262, 0.979927, 0.368645, 1.      , 0.      , 0.412386, 0.771621, 0.050172, 0.452861, 0.193433, 0.116495, 0.47331 , 0.284092, 0.307516, 0.668221, 0.095983, 0.979927, 0.368645, 1.      , 0.      , 0.576311, 0.666646, 0.07952 , 0.482908, 0.095983, 0.129692, 0.47331 , 1.      , 0.      , 0.610752, 0.095983, 0.979927, 0.368645, 0.282743, 0.615592, 0.884281, 1.      , 0.      , 0.522608, 1.      , 0.      , 0.500206, 0.086216, 0.979927, 0.368645, 1.      , 0.      , 0.452316, 0.123347, 0.100343, 0.482908, 0.074262, 0.979927, 0.368645, 1.      , 0.      , 0.505506, 0.713579, 0.050172, 0.36697 , 0.550134, 0.344698, 0.44902 , 1.      , 0.      , 0.325536, 0.185656, 0.573511, 0.527542, 1.      , 0.      , 0.539404, 0.111393, 0.979927, 0.368645, 1.      , 0.      , 0.323775, 1.      , 0.      , 0.395211, 0.378543, 0.587334, 0.563441, 0.058851, 0.050172, 0.395211, 1.      , 0.      , 0.359719, 1.      , 0.      , 0.404382, 0.663862, 0.129692, 0.505676, 1.      , 0.      , 0.331135, 0.517708, 0.191021, 0.546587, 0.128453, 0.979927, 0.368645, 0.058851, 0.196015, 0.546587, 0.058851, 0.979927, 0.368645, 1.      , 0.      , 0.284449, 1.      , 0.      , 0.587998, 0.074262, 0.979927, 0.368645, 0.037131, 0.979927, 0.368645, 0.037131, 0.979928, 0.368645, 0.355901, 0.185657, 0.418974, 0.058851, 0.979928, 0.368645, 0.56682 , 0.100343, 0.587998, 1.      , 0.      , 0.587998, 0.285668, 0.07952 , 0.528294, 0.463883, 0.520369, 0.328569, 0.578371, 0.100343, 0.296116, 1.      , 0.      , 0.422102, 0.411369, 0.050172, 0.587998, 0.117703, 0.979928, 0.368645, 0.424309, 0.275535, 0.298479, 0.293815, 0.302152, 0.740083, 0.074262, 0.979928, 0.368645, 1.      , 0.      , 0.430158, 1.      , 0.      , 0.357086, 0.074262, 0.979928, 0.368645, 0.320553, 0.050172, 0.475936, 0.058851, 0.979928, 0.368645, 0.037131, 0.979928, 0.368645, 1.      , 0.      , 0.504555, 1.      , 0.      , 0.371797, 1.      , 0.      , 0.492038, 1.      , 0.      , 0.577754, 1.      , 0.      , 0.555465, 0.284623, 0.540878, 0.442514, 0.21933 , 0.14085 , 0.47331 , 0.647289, 0.050172, 0.542912, 0.434241, 0.278683, 0.477368, 0.260335, 0.07952 , 0.561024, 1.      , 0.      , 0.520396, 0.095983, 0.150515, 0.47331 , 1.      , 0.      , 0.401831, 0.623075, 0.400806, 0.738283, 1.      , 0.      , 0.414349, 1.      , 0.      , 0.396436, 1.      , 0.      , 0.335685, 0.467616, 0.050172, 0.756515, 0.160478, 0.979928, 0.368645, 0.213686, 0.587356, 0.563441, 1.      , 0.      , 0.419591, 1.      , 0.      , 0.499092, 0.429319, 0.416614, 0.471307, 0.428767, 0.495598, 0.566262, 1.      , 0.      , 0.424431, 1.      , 0.      , 0.561181, 0.117703, 0.979928, 0.368645, 0.037131, 0.979928, 0.368645, 1.      , 0.      , 0.679708, 0.058851, 0.979928, 0.368645, 0.599429, 0.15904 , 0.288218, 0.265478, 0.483848, 0.783707, 0.490142, 0.223737, 0.381462, 1.      , 0.      , 0.318083, 1.      , 0.      , 0.37317 , 1.      , 0.      , 0.587998, 0.111393, 0.979929, 0.368645, 1.      , 0.      , 0.5444  , 0.058851, 0.979929, 0.368645, 1.      , 0.      , 0.435318, 0.058851, 0.979929, 0.368645, 0.037131, 0.979929, 0.368645, 1.      , 0.      , 0.491488, 0.236713, 0.573537, 0.527542, 1.      , 0.      , 0.416516, 0.592539, 0.261367, 0.360858, 1.      , 0.      , 0.501601, 1.      , 0.      , 0.455305, 1.      , 0.      , 0.449266, 1.      , 0.      , 0.499304, 0.688499, 0.07952 , 0.353032]
[ReplayBuffer] pos=5407, reward=0.628000, evicted_bytes=0, evicted_count=0
[Step 5409] [772961.122724] step started
[Step 5409] Action logits (dim=6): [-0.533, -0.195, 1.309, 0.114, -0.367, -1.235]
[Step 5409] Weights: [0.13411747 0.16911423 0.1676894  0.21109176 0.16687919 0.15110795]
[772961.123813] weights write completed, total time 0.001088 seconds
ReplayBuffer.sample_total                     151     0.6347       4.20       7.94
ReplayBuffer           0.6347

[1;33m权重更新分析 (C++端接收):[0m
[0;32m检测到权重更新，C++/Python通信正常！[0m
📊 权重更新次数: 5409

[0;34m=== 测试结论 ===[0m
[0;32mSB3集成测试成功完成！[0m
✅ C++与Python的通信正常。
✅ SB3模型训练已启动并更新。
✅ 缓存模拟正常执行。

[1;33m下一步: 运行 'tensorboard --logdir ./runs' 来可视化训练过程。[0m

[0;32mLOH与stable-baselines3集成测试完成！[0m

[1;33m两端序列号对齐摘要:[0m
Python最后一次序号: N/A
C端最后一次序号: N/A
