=== LOH + stable-baselines3 RL Integration Test ===

[config] LOH_SCORE_USE_IRT=1
[config] LOH_SCORE_USE_COMPOUND=1
[config] LOH_FEATURE_LOG1P=1
[config] LOH_DUAL_CHANNEL=0
[config] CACHESIM_NUM_REQ=500000
[pre-stop] Parallel-safe mode: skip global cleanup
State dimension controlled by LOH_INCLUDE_* environment variables
状态向量维度由环境变量控制（默认：GLOBAL(2)+SAMPLE(192)=194维）
Using trace file: data/MetaCDN/meta_reag.oracleGeneral.zst
Using cache size: 0.1
Using weights: miss_ratio_weight=1.0, byte_miss_ratio_weight=0
Using LOH_SHM_KEY=32714386 (shared memory: /dev/shm/loh_ac_32714386)
Cleaning up any existing shared memory files for this run...
[0;34m开始测试LOH算法与stable-baselines3强化学习的集成...[0m
[build] LOH_SKIP_BUILD=1, skip build step
[build] 未设置编译相关环境变量，直接复用已有 _build_dbg/bin/cachesim（不触发构建）
[python] LOH_SKIP_PIP_INSTALL=1, skip pip install
Ensuring proper permissions...
[1;33mStarting stable-baselines3 training script... (Log: ac_sb3_meta_lower_omr_500k_1213_032629_002_r02.log)[0m
Python script: scripts/loh_actor_critic_sb3.py
RL Algorithm: SAC
Miss ratio weight: 1.0
Waiting for Python script to create shared memory file...
[wait 0s/240s] Waiting for /dev/shm/loh_ac_32714386 ... (python pid=687399)
Shared memory file successfully created by Python.
-rw-rw-rw- 1 dingkp dingkp 9728 12月 13 03:27 /dev/shm/loh_ac_32714386
[0;32mstable-baselines3 script is running with PID: 687399[0m

[0;34mRunning cache simulation with eviction algorithm LOH (with SB3 integration)...[0m
You should see training updates if the system is working correctly.
Using trace file: data/MetaCDN/meta_reag.oracleGeneral.zst (type: oracleGeneral, cache size ratio: 0.1)
[1;33mRunning cachesim with the following parameters:[0m
  Trace file: data/MetaCDN/meta_reag.oracleGeneral.zst
  Trace type: oracleGeneral
  Cache size ratio: 0.1
  Eviction: LOH (with SB3 RL)
  Num requests: 500000
  Python script: loh_actor_critic_sb3.py
  LOH_FIXED_WEIGHTS: <unset>
[0;34mRunning cachesim... (Log: cachesim_sb3_meta_lower_omr_500k_1213_032629_002_r02.log)[0m
  Miss ratio weight: 1.0
  Byte miss ratio weight: 0
  RL update interval: 500
  Num requests: 500000
Using rl_update_interval=500 for cachesim
Executing cachesim command:
 _build_dbg/bin/cachesim data/MetaCDN/meta_reag.oracleGeneral.zst oracleGeneral LOH 0.1 --eviction-params=miss-ratio-weight=1.0\,rl-update-interval=500 --num-req=500000 -v 1
[0;32mCachesim execution completed successfully.[0m

[1;33mCachesim execution output summary:[0m
----------------------------------------
data/MetaCDN/meta_reag.oracleGeneral.zst LOH-OMR cache size   254GiB,           500000 req, miss ratio 0.4004, byte miss ratio 0.2057, throughput 0.05 MQPS
----------------------------------------
Full log available in cachesim_sb3_meta_lower_omr_500k_1213_032629_002_r02.log

[1;33mstable-baselines3 training output:[0m
----------------------------------------
[Step 901] Weights: [0.16159551 0.14422747 0.18146351 0.1565397  0.16823329 0.18794052]
[733894.472985] weights write completed, total time 0.001034 seconds
[733894.473300] waiting for C-side response (expecting new version != 901)
[SEM][Python] sem_wait success wait@newstate
[733894.474816] [SEM][Python] C-side response (via sem) received, waited 0.001516 seconds — [seq 902]
[STATE_HITRATIO] [seq 902] [0.612000, 0.445279]
[STATE_AVGTOPK] [seq 902] [1.000000, 0.000000, 0.350537, 1.000000, 0.000000, 0.359436, 0.074262, 0.847829, 0.368645, 1.000000, 0.000000, 0.422277]
[Step 901] State info:
  obj_hit_ratio (raw[0]): 0.612000
  byte_hit_ratio (raw[1]): 0.445279
  total_evicted_bytes: 0
  total_evicted_count: 0
[Step 901] Immediate reward: 1.000 * 0.612000 + 0.000 * 0.445279 = 0.612000
[733894.475154] Step 901 completed, total duration 0.003203 seconds
[Step 901] Observation returned to RL agent: [0.612   , 0.445279, 1.      , 0.      , 0.350537, 1.      , 0.      , 0.359436, 0.074262, 0.847829, 0.368645, 1.      , 0.      , 0.422277, 1.      , 0.      , 0.374365, 1.      , 0.      , 0.281126, 1.      , 0.      , 0.285811, 0.095983, 0.84783 , 0.368645, 0.317926, 0.472826, 0.462856, 1.      , 0.      , 0.339299, 0.074262, 0.84783 , 0.368645, 1.      , 0.      , 0.411695, 0.058851, 0.847831, 0.368645, 1.      , 0.      , 0.522483, 0.31849 , 0.15904 , 0.626112, 1.      , 0.      , 0.454785, 0.086216, 0.847831, 0.368645, 0.276977, 0.512713, 0.304671, 1.      , 0.      , 0.347644, 1.      , 0.      , 0.357928, 0.384013, 0.050172, 0.398176, 1.      , 0.      , 0.428504, 0.401349, 0.270542, 0.501241, 0.111393, 0.847832, 0.368645, 1.      , 0.      , 0.587998, 0.058851, 0.847833, 0.368645, 1.      , 0.      , 0.334666, 0.617959, 0.116495, 0.54391 , 0.617975, 0.100343, 0.442298, 1.      , 0.      , 0.507005, 0.23474 , 0.460321, 0.944027, 0.653928, 0.150515, 0.473098, 0.111393, 0.847833, 0.368645, 0.037131, 0.847834, 0.368645, 0.690926, 0.050172, 0.306232, 1.      , 0.      , 0.30696 , 1.      , 0.      , 0.419602, 0.436177, 0.286001, 0.467969, 0.433048, 0.333333, 0.608734, 1.      , 0.      , 0.2979  , 1.      , 0.      , 0.331117, 1.      , 0.      , 0.499951, 1.      , 0.      , 0.516533, 0.128453, 0.847834, 0.368645, 0.037131, 0.847835, 0.368645, 1.      , 0.      , 0.46321 , 0.037131, 0.050172, 0.46321 , 0.037131, 0.07952 , 0.46321 , 0.646018, 0.100343, 0.592963, 0.55612 , 0.257345, 0.471632, 0.664863, 0.07952 , 0.410245, 0.165584, 0.460446, 0.944027, 1.      , 0.      , 0.520382, 0.123347, 0.847836, 0.368645, 1.      , 0.      , 0.520382, 1.      , 0.      , 0.53838 , 1.      , 0.      , 0.461362, 1.      , 0.      , 0.587998, 1.      , 0.      , 0.413454, 0.095983, 0.050172, 0.520382, 1.      , 0.      , 0.367511, 0.074262, 0.050172, 0.413454, 1.      , 0.      , 0.385006, 0.128453, 0.847836, 0.368645, 1.      , 0.      , 0.412882, 0.058851, 0.847837, 0.368645, 0.633125, 0.07952 , 0.489036, 1.      , 0.      , 0.642879, 1.      , 0.      , 0.333923, 0.086216, 0.847837, 0.368645, 0.037131, 0.847838, 0.368645, 1.      , 0.      , 0.375516, 1.      , 0.      , 0.425843, 0.341958, 0.07952 , 0.565515, 0.086216, 0.847839, 0.368645, 0.285668, 0.205075, 0.627368, 0.058851, 0.847839, 0.368645, 0.037131, 0.84784 , 0.368645, 1.      , 0.      , 0.48122 , 0.340676, 0.542102, 0.563441, 0.324581, 0.050172, 0.559662, 1.      , 0.      , 0.311735, 0.095983, 0.84784 , 0.368645, 0.037131, 0.847841, 0.368645, 0.664703, 0.07952 , 0.406968, 0.058851, 0.847842, 0.368645, 0.247227, 0.362198, 0.299984, 1.      , 0.      , 0.526938, 1.      , 0.      , 0.456525, 1.      , 0.      , 0.509955, 1.      , 0.      , 0.536679, 0.634422, 0.050172, 0.312816, 0.111393, 0.847842, 0.368645, 0.253713, 0.523103, 0.881525, 0.396411, 0.339571, 0.360189, 1.      , 0.      , 0.479821, 0.086216, 0.847843, 0.368645, 1.      , 0.      , 0.399219, 0.197609, 0.07952 , 0.520382, 0.074262, 0.847843, 0.368645, 1.      , 0.      , 0.558277, 0.058851, 0.847844, 0.368645, 1.      , 0.      , 0.396985, 0.058851, 0.847845, 0.368645, 0.058851, 0.050172, 0.396985, 0.653479, 0.050172, 0.32624 , 1.      , 0.      , 0.388616, 1.      , 0.      , 0.450106, 0.095983, 0.847845, 0.368645, 0.659902, 0.050172, 0.354434, 1.      , 0.      , 0.420524, 0.074262, 0.847846, 0.368645, 1.      , 0.      , 0.53292 , 0.058851, 0.847846, 0.368645, 0.037131, 0.847847, 0.368645, 0.311136, 0.505771, 0.411459, 1.      , 0.      , 0.453265, 0.074262, 0.847848, 0.368645, 1.      , 0.      , 0.430062, 0.058851, 0.847848, 0.368645, 0.037131, 0.847849, 0.368645, 1.      , 0.      , 0.654448, 1.      , 0.      , 0.290956, 1.      , 0.      , 0.341918, 1.      , 0.      , 0.413712, 1.      , 0.      , 0.392236, 0.058851, 0.050172, 0.413712, 1.      , 0.      , 0.505454, 1.      , 0.      , 0.587998, 0.611158, 0.050172, 0.472576, 1.      , 0.      , 0.382095, 1.      , 0.      , 0.548046, 1.      , 0.      , 0.465296, 0.141371, 0.847849, 0.368645, 0.256905, 0.166667, 0.626112, 1.      , 0.      , 0.508038, 0.074262, 0.84785 , 0.368645, 0.037131, 0.84785 , 0.368645, 0.037131, 0.847851, 0.368645, 1.      , 0.      , 0.611652, 0.058851, 0.847852, 0.368645, 0.451334, 0.209212, 0.288799, 0.303729, 0.129692, 0.664946, 0.074262, 0.847852, 0.368645, 1.      , 0.      , 0.57322 , 0.633946, 0.07952 , 0.528408, 1.      , 0.      , 0.756515, 1.      , 0.      , 0.305621, 0.2651  , 0.472931, 0.462856, 1.      , 0.      , 0.375553, 1.      , 0.      , 0.529362, 1.      , 0.      , 0.397147, 1.      , 0.      , 0.411523, 1.      , 0.      , 0.356473, 0.074262, 0.050172, 0.397147, 1.      , 0.      , 0.509955, 1.      , 0.      , 0.270149, 1.      , 0.      , 0.325556, 1.      , 0.      , 0.413561, 1.      , 0.      , 0.364452, 0.058851, 0.050172, 0.413561, 1.      , 0.      , 0.450064, 0.266966, 0.512773, 0.304671, 0.586426, 0.129692, 0.331295, 1.      , 0.      , 0.442112, 0.467372, 0.050172, 0.464128, 1.      , 0.      , 0.516544, 1.      , 0.      , 0.305067, 0.378817, 0.257345, 0.611047, 1.      , 0.      , 0.559183, 0.178503, 0.847853, 0.368645, 1.      , 0.      , 0.412952, 0.287948, 0.472721, 0.312321, 1.      , 0.      , 0.479913, 1.      , 0.      , 0.62869 , 0.296629, 0.191021, 0.610172, 1.      , 0.      , 0.452743, 0.375244, 0.23299 , 0.4726  , 0.408989, 0.050172, 0.414079, 1.      , 0.      , 0.582803, 1.      , 0.      , 0.538039, 0.133114, 0.847853, 0.368645, 1.      , 0.      , 0.455952, 0.64224 , 0.050172, 0.298402, 0.585381, 0.150515, 0.484253, 0.246694, 0.362682, 0.299984, 0.334285, 0.050172, 0.232724, 0.10424 , 0.847854, 0.368645, 0.037131, 0.847855, 0.368645, 0.037131, 0.847855, 0.368645, 0.442768, 0.14085 , 0.347933, 1.      , 0.      , 0.438159, 0.450183, 0.29006 , 0.436798, 0.205096, 0.473036, 0.462856, 1.      , 0.      , 0.413291, 0.10424 , 0.847856, 0.368645, 1.      , 0.      , 0.36084 , 0.058851, 0.847856, 0.368645, 0.037131, 0.847857, 0.368645, 0.559172, 0.050172, 0.443365]
==================================================
[ReplayBuffer] Added transition at pos=900, version=902
[ReplayBuffer] pos=900, reward=0.612000, evicted_bytes=0, evicted_count=0
⚠️  [PERF] ReplayBuffer.add() took 0.1229ms (init: 0.0085ms, super: 0.0463ms)
[Step 902] [733894.480116] step started
[Step 902] Action logits (dim=6): [0.992, -0.358, 0.562, 0.174, -0.110, 0.014]
[TIMING][Python] Model inference (softmax): 0.000306 seconds
[TIMING][Python] Wait for C ready: 0.000031 seconds (1 iterations)
[SEM][Python] posting ack semaphore for seq 902
[SEM][Python] sem_post ack seq 902
[TIMING][Python] Write weights total: 0.000159 seconds (shm: 0.000045, sem_post: 0.000093)
[WEIGHTS_UPDATED] [seq 902] dim=6/6 [0.169864, 0.141251, 0.183020, 0.155928, 0.165251, 0.184687]
[Step 902] Weights: [0.16986355 0.14125122 0.18302007 0.15592757 0.16525082 0.18468677]
[733894.480896] weights write completed, total time 0.000780 seconds
[733894.481194] waiting for C-side response (expecting new version != 902)
----------------------------------------

[1;33m检查日志中的错误信息...[0m
[0;32mPython日志中未检测到错误信息。[0m

[1;33mStopping stable-baselines3 training script gracefully...[0m
Python process exited gracefully.
Cleaning up shared memory file...
Removed existing shared memory file /dev/shm/loh_ac_32714386

[0;34m=== stable-baselines3 训练结果分析 ===[0m

[1;33mC++性能指标分析 (发送给RL):[0m
[0;31m未检测到C++性能指标日志。[0m

[1;33mSB3训练与奖励分析 (Python端):[0m
[0;32m检测到自定义训练/通信日志，SB3循环正常运行。[0m
📊 Step事件: 5409 次，权重写入: 902 次

[1;33m最近的事件片段:[0m
[733894.455252] weights write completed, total time 0.000552 seconds
[Step 900] State info:
[Step 900] Immediate reward: 1.000 * 0.664000 + 0.000 * 0.981236 = 0.664000
[Step 900] Observation returned to RL agent: [0.664   , 0.981236, 1.      , 0.      , 0.546754, 1.      , 0.      , 0.519894, 0.269124, 0.542061, 0.563441, 0.10424 , 0.847753, 0.368645, 0.653331, 0.14085 , 0.560078, 1.      , 0.      , 0.456143, 0.074262, 0.847754, 0.368645, 1.      , 0.      , 0.42165 , 0.111393, 0.050172, 0.519894, 0.074262, 0.847754, 0.368645, 0.306606, 0.100343, 0.664946, 1.      , 0.      , 0.27317 , 1.      , 0.      , 0.415219, 0.630801, 0.150515, 0.430663, 1.      , 0.      , 0.458973, 1.      , 0.      , 0.553311, 0.111393, 0.847755, 0.368645, 0.357549, 0.200687, 0.456109, 1.      , 0.      , 0.413392, 0.451965, 0.116495, 0.495646, 1.      , 0.      , 0.429417, 0.095983, 0.847756, 0.368645, 1.      , 0.      , 0.417665, 1.      , 0.      , 0.312925, 1.      , 0.      , 0.528949, 0.086216, 0.847756, 0.368645, 1.      , 0.      , 0.38775 , 0.058851, 0.847757, 0.368645, 1.      , 0.      , 0.537182, 1.      , 0.      , 0.402991, 0.516879, 0.263297, 0.263725, 1.      , 0.      , 0.46869 , 0.095983, 0.847757, 0.368645, 1.      , 0.      , 0.482475, 0.6715  , 0.050172, 0.416688, 0.074262, 0.847758, 0.368645, 0.037131, 0.847759, 0.368645, 1.      , 0.      , 0.521581, 0.058851, 0.847759, 0.368645, 1.      , 0.      , 0.314003, 0.555479, 0.196015, 0.473003, 1.      , 0.      , 0.557169, 0.086216, 0.84776 , 0.368645, 1.      , 0.      , 0.46535 , 0.355621, 0.331871, 0.685997, 1.      , 0.      , 0.452102, 1.      , 0.      , 0.5226  , 0.494101, 0.050172, 0.587998, 1.      , 0.      , 0.378441, 0.111393, 0.84776 , 0.368645, 1.      , 0.      , 0.321047, 0.24105 , 0.050172, 0.575399, 0.074262, 0.847761, 0.368645, 1.      , 0.      , 0.317303, 0.448078, 0.050172, 0.47361 , 0.074262, 0.847762, 0.368645, 0.037131, 0.847762, 0.368645, 1.      , 0.      , 0.574371, 0.058851, 0.847763, 0.368645, 0.037131, 0.847763, 0.368645, 1.      , 0.      , 0.587998, 0.519865, 0.150515, 0.473958, 1.      , 0.      , 0.547163, 1.      , 0.      , 0.495535, 1.      , 0.      , 0.756515, 0.037131, 0.050172, 0.756515, 0.037131, 0.07952 , 0.756515, 0.037131, 0.100343, 0.756515, 0.037131, 0.116495, 0.756515, 0.037131, 0.129692, 0.756515, 0.037131, 0.14085 , 0.756515, 0.037131, 0.150515, 0.756515, 0.037131, 0.15904 , 0.756515, 0.037131, 0.166667, 0.756515, 0.037131, 0.173565, 0.756515, 0.037131, 0.179864, 0.756515, 0.037131, 0.185657, 0.756515, 1.      , 0.      , 0.393008, 0.160478, 0.847764, 0.368645, 0.037131, 0.847765, 0.368645, 0.037131, 0.847765, 0.368645, 0.037131, 0.847766, 0.368645, 0.037131, 0.847766, 0.368645, 1.      , 0.      , 0.495802, 1.      , 0.      , 0.587998, 0.662168, 0.07952 , 0.644485, 1.      , 0.      , 0.478884, 1.      , 0.      , 0.342138, 1.      , 0.      , 0.498303, 0.452127, 0.07952 , 0.477261, 0.117703, 0.847767, 0.368645, 1.      , 0.      , 0.587998, 0.314864, 0.07952 , 0.61981 , 1.      , 0.      , 0.463321, 0.250318, 0.358715, 0.299984, 0.095983, 0.847768, 0.368645, 0.197609, 0.050172, 0.574371, 1.      , 0.      , 0.420986, 0.600745, 0.116495, 0.474404, 1.      , 0.      , 0.394253, 1.      , 0.      , 0.492777, 0.210624, 0.07952 , 0.575399, 0.2989  , 0.522945, 0.881525, 0.645897, 0.14085 , 0.472838, 0.117703, 0.07952 , 0.574371, 0.151772, 0.100343, 0.477261, 0.221943, 0.332606, 0.685997, 0.635792, 0.050172, 0.322291, 0.141371, 0.847768, 0.368645, 1.      , 0.      , 0.513698, 0.058851, 0.847769, 0.368645, 1.      , 0.      , 0.463748, 0.058851, 0.847769, 0.368645, 0.613477, 0.100343, 0.484608, 0.486777, 0.116495, 0.484691, 0.074262, 0.84777 , 0.368645, 0.540907, 0.350634, 0.4585  , 0.058851, 0.84777 , 0.368645, 0.037131, 0.847771, 0.368645, 0.10424 , 0.116495, 0.484608, 0.086216, 0.351202, 0.4585  , 0.275119, 0.459819, 0.944027, 1.      , 0.      , 0.528256, 1.      , 0.      , 0.470747, 1.      , 0.      , 0.441613, 1.      , 0.      , 0.441933, 0.117703, 0.847772, 0.368645, 0.670437, 0.129692, 0.32705 , 0.277583, 0.512591, 0.304671, 0.636422, 0.100343, 0.457325, 1.      , 0.      , 0.336004, 0.275746, 0.472721, 0.462856, 1.      , 0.      , 0.55426 , 0.420688, 0.150515, 0.626112, 1.      , 0.      , 0.430187, 0.309003, 0.34218 , 0.758142, 1.      , 0.      , 0.39583 , 1.      , 0.      , 0.347861, 0.058851, 0.050172, 0.39583 , 0.562658, 0.116495, 0.520815, 1.      , 0.      , 0.289467, 1.      , 0.      , 0.464869, 0.151772, 0.847772, 0.368645, 1.      , 0.      , 0.562751, 1.      , 0.      , 0.678197, 0.074262, 0.847773, 0.368645, 0.037131, 0.847773, 0.368645, 0.037131, 0.847774, 0.368645, 0.037131, 0.847775, 0.368645, 1.      , 0.      , 0.587998, 0.058851, 0.847775, 0.368645, 0.037131, 0.847776, 0.368645, 0.361082, 0.328855, 0.722961, 1.      , 0.      , 0.559662, 1.      , 0.      , 0.438932, 1.      , 0.      , 0.756515, 0.037131, 0.050172, 0.756515, 0.037131, 0.07952 , 0.756515, 0.037131, 0.100343, 0.756515, 0.037131, 0.116495, 0.756515, 1.      , 0.      , 0.603681, 0.058851, 0.129692, 0.756515, 0.037131, 0.14085 , 0.756515, 0.037131, 0.150515, 0.756515, 0.037131, 0.15904 , 0.756515, 0.037131, 0.166667, 0.756515, 0.037131, 0.173565, 0.756515, 0.037131, 0.179864, 0.756515, 0.037131, 0.185657, 0.756515, 1.      , 0.      , 0.422912, 1.      , 0.      , 0.4769  , 0.163092, 0.847776, 0.368645, 0.303544, 0.316271, 0.663668, 0.141371, 0.050172, 0.603681, 1.      , 0.      , 0.232724, 0.193433, 0.129692, 0.520815, 0.117703, 0.191021, 0.756515, 0.037131, 0.196015, 0.756515, 0.037131, 0.200687, 0.756515, 0.037131, 0.205075, 0.756515, 0.037131, 0.209212, 0.756515, 0.037131, 0.213126, 0.756515, 0.037131, 0.216838, 0.756515, 0.037131, 0.22037 , 0.756515, 0.037131, 0.223737, 0.756515, 0.037131, 0.226955, 0.756515, 0.037131, 0.230035, 0.756515, 0.037131, 0.23299 , 0.756515, 0.037131, 0.235829, 0.756515, 0.563426, 0.07952 , 0.367207, 0.154834, 0.07952 , 0.603681, 0.417095, 0.398194, 0.591211, 1.      , 0.      , 0.312321, 0.167965, 0.847777, 0.368645, 1.      , 0.      , 0.38896 , 0.058851, 0.847778, 0.368645, 0.475049, 0.050172, 0.524223, 1.      , 0.      , 0.332154, 1.      , 0.      , 0.453735, 0.123347, 0.100343, 0.603681]
[ReplayBuffer] pos=899, reward=0.664000, evicted_bytes=0, evicted_count=0
⚠️  [PERF] ReplayBuffer.add() took 0.1439ms (init: 0.0093ms, super: 0.0613ms)
[Step 901] [733894.471951] step started
[Step 901] Action logits (dim=6): [-0.300, -0.234, -0.243, -0.168, 0.292, 0.263]
[Step 901] Weights: [0.16159551 0.14422747 0.18146351 0.1565397  0.16823329 0.18794052]
[733894.472985] weights write completed, total time 0.001034 seconds
[Step 901] State info:
[Step 901] Immediate reward: 1.000 * 0.612000 + 0.000 * 0.445279 = 0.612000
[Step 901] Observation returned to RL agent: [0.612   , 0.445279, 1.      , 0.      , 0.350537, 1.      , 0.      , 0.359436, 0.074262, 0.847829, 0.368645, 1.      , 0.      , 0.422277, 1.      , 0.      , 0.374365, 1.      , 0.      , 0.281126, 1.      , 0.      , 0.285811, 0.095983, 0.84783 , 0.368645, 0.317926, 0.472826, 0.462856, 1.      , 0.      , 0.339299, 0.074262, 0.84783 , 0.368645, 1.      , 0.      , 0.411695, 0.058851, 0.847831, 0.368645, 1.      , 0.      , 0.522483, 0.31849 , 0.15904 , 0.626112, 1.      , 0.      , 0.454785, 0.086216, 0.847831, 0.368645, 0.276977, 0.512713, 0.304671, 1.      , 0.      , 0.347644, 1.      , 0.      , 0.357928, 0.384013, 0.050172, 0.398176, 1.      , 0.      , 0.428504, 0.401349, 0.270542, 0.501241, 0.111393, 0.847832, 0.368645, 1.      , 0.      , 0.587998, 0.058851, 0.847833, 0.368645, 1.      , 0.      , 0.334666, 0.617959, 0.116495, 0.54391 , 0.617975, 0.100343, 0.442298, 1.      , 0.      , 0.507005, 0.23474 , 0.460321, 0.944027, 0.653928, 0.150515, 0.473098, 0.111393, 0.847833, 0.368645, 0.037131, 0.847834, 0.368645, 0.690926, 0.050172, 0.306232, 1.      , 0.      , 0.30696 , 1.      , 0.      , 0.419602, 0.436177, 0.286001, 0.467969, 0.433048, 0.333333, 0.608734, 1.      , 0.      , 0.2979  , 1.      , 0.      , 0.331117, 1.      , 0.      , 0.499951, 1.      , 0.      , 0.516533, 0.128453, 0.847834, 0.368645, 0.037131, 0.847835, 0.368645, 1.      , 0.      , 0.46321 , 0.037131, 0.050172, 0.46321 , 0.037131, 0.07952 , 0.46321 , 0.646018, 0.100343, 0.592963, 0.55612 , 0.257345, 0.471632, 0.664863, 0.07952 , 0.410245, 0.165584, 0.460446, 0.944027, 1.      , 0.      , 0.520382, 0.123347, 0.847836, 0.368645, 1.      , 0.      , 0.520382, 1.      , 0.      , 0.53838 , 1.      , 0.      , 0.461362, 1.      , 0.      , 0.587998, 1.      , 0.      , 0.413454, 0.095983, 0.050172, 0.520382, 1.      , 0.      , 0.367511, 0.074262, 0.050172, 0.413454, 1.      , 0.      , 0.385006, 0.128453, 0.847836, 0.368645, 1.      , 0.      , 0.412882, 0.058851, 0.847837, 0.368645, 0.633125, 0.07952 , 0.489036, 1.      , 0.      , 0.642879, 1.      , 0.      , 0.333923, 0.086216, 0.847837, 0.368645, 0.037131, 0.847838, 0.368645, 1.      , 0.      , 0.375516, 1.      , 0.      , 0.425843, 0.341958, 0.07952 , 0.565515, 0.086216, 0.847839, 0.368645, 0.285668, 0.205075, 0.627368, 0.058851, 0.847839, 0.368645, 0.037131, 0.84784 , 0.368645, 1.      , 0.      , 0.48122 , 0.340676, 0.542102, 0.563441, 0.324581, 0.050172, 0.559662, 1.      , 0.      , 0.311735, 0.095983, 0.84784 , 0.368645, 0.037131, 0.847841, 0.368645, 0.664703, 0.07952 , 0.406968, 0.058851, 0.847842, 0.368645, 0.247227, 0.362198, 0.299984, 1.      , 0.      , 0.526938, 1.      , 0.      , 0.456525, 1.      , 0.      , 0.509955, 1.      , 0.      , 0.536679, 0.634422, 0.050172, 0.312816, 0.111393, 0.847842, 0.368645, 0.253713, 0.523103, 0.881525, 0.396411, 0.339571, 0.360189, 1.      , 0.      , 0.479821, 0.086216, 0.847843, 0.368645, 1.      , 0.      , 0.399219, 0.197609, 0.07952 , 0.520382, 0.074262, 0.847843, 0.368645, 1.      , 0.      , 0.558277, 0.058851, 0.847844, 0.368645, 1.      , 0.      , 0.396985, 0.058851, 0.847845, 0.368645, 0.058851, 0.050172, 0.396985, 0.653479, 0.050172, 0.32624 , 1.      , 0.      , 0.388616, 1.      , 0.      , 0.450106, 0.095983, 0.847845, 0.368645, 0.659902, 0.050172, 0.354434, 1.      , 0.      , 0.420524, 0.074262, 0.847846, 0.368645, 1.      , 0.      , 0.53292 , 0.058851, 0.847846, 0.368645, 0.037131, 0.847847, 0.368645, 0.311136, 0.505771, 0.411459, 1.      , 0.      , 0.453265, 0.074262, 0.847848, 0.368645, 1.      , 0.      , 0.430062, 0.058851, 0.847848, 0.368645, 0.037131, 0.847849, 0.368645, 1.      , 0.      , 0.654448, 1.      , 0.      , 0.290956, 1.      , 0.      , 0.341918, 1.      , 0.      , 0.413712, 1.      , 0.      , 0.392236, 0.058851, 0.050172, 0.413712, 1.      , 0.      , 0.505454, 1.      , 0.      , 0.587998, 0.611158, 0.050172, 0.472576, 1.      , 0.      , 0.382095, 1.      , 0.      , 0.548046, 1.      , 0.      , 0.465296, 0.141371, 0.847849, 0.368645, 0.256905, 0.166667, 0.626112, 1.      , 0.      , 0.508038, 0.074262, 0.84785 , 0.368645, 0.037131, 0.84785 , 0.368645, 0.037131, 0.847851, 0.368645, 1.      , 0.      , 0.611652, 0.058851, 0.847852, 0.368645, 0.451334, 0.209212, 0.288799, 0.303729, 0.129692, 0.664946, 0.074262, 0.847852, 0.368645, 1.      , 0.      , 0.57322 , 0.633946, 0.07952 , 0.528408, 1.      , 0.      , 0.756515, 1.      , 0.      , 0.305621, 0.2651  , 0.472931, 0.462856, 1.      , 0.      , 0.375553, 1.      , 0.      , 0.529362, 1.      , 0.      , 0.397147, 1.      , 0.      , 0.411523, 1.      , 0.      , 0.356473, 0.074262, 0.050172, 0.397147, 1.      , 0.      , 0.509955, 1.      , 0.      , 0.270149, 1.      , 0.      , 0.325556, 1.      , 0.      , 0.413561, 1.      , 0.      , 0.364452, 0.058851, 0.050172, 0.413561, 1.      , 0.      , 0.450064, 0.266966, 0.512773, 0.304671, 0.586426, 0.129692, 0.331295, 1.      , 0.      , 0.442112, 0.467372, 0.050172, 0.464128, 1.      , 0.      , 0.516544, 1.      , 0.      , 0.305067, 0.378817, 0.257345, 0.611047, 1.      , 0.      , 0.559183, 0.178503, 0.847853, 0.368645, 1.      , 0.      , 0.412952, 0.287948, 0.472721, 0.312321, 1.      , 0.      , 0.479913, 1.      , 0.      , 0.62869 , 0.296629, 0.191021, 0.610172, 1.      , 0.      , 0.452743, 0.375244, 0.23299 , 0.4726  , 0.408989, 0.050172, 0.414079, 1.      , 0.      , 0.582803, 1.      , 0.      , 0.538039, 0.133114, 0.847853, 0.368645, 1.      , 0.      , 0.455952, 0.64224 , 0.050172, 0.298402, 0.585381, 0.150515, 0.484253, 0.246694, 0.362682, 0.299984, 0.334285, 0.050172, 0.232724, 0.10424 , 0.847854, 0.368645, 0.037131, 0.847855, 0.368645, 0.037131, 0.847855, 0.368645, 0.442768, 0.14085 , 0.347933, 1.      , 0.      , 0.438159, 0.450183, 0.29006 , 0.436798, 0.205096, 0.473036, 0.462856, 1.      , 0.      , 0.413291, 0.10424 , 0.847856, 0.368645, 1.      , 0.      , 0.36084 , 0.058851, 0.847856, 0.368645, 0.037131, 0.847857, 0.368645, 0.559172, 0.050172, 0.443365]
[ReplayBuffer] Added transition at pos=900, version=902
[ReplayBuffer] pos=900, reward=0.612000, evicted_bytes=0, evicted_count=0
⚠️  [PERF] ReplayBuffer.add() took 0.1229ms (init: 0.0085ms, super: 0.0463ms)
[Step 902] [733894.480116] step started
[Step 902] Action logits (dim=6): [0.992, -0.358, 0.562, 0.174, -0.110, 0.014]
[Step 902] Weights: [0.16986355 0.14125122 0.18302007 0.15592757 0.16525082 0.18468677]
[733894.480896] weights write completed, total time 0.000780 seconds

[1;33m权重更新分析 (C++端接收):[0m
[0;32m检测到权重更新，C++/Python通信正常！[0m
📊 权重更新次数: 902

[0;34m=== 测试结论 ===[0m
[0;32mSB3集成测试成功完成！[0m
✅ C++与Python的通信正常。
✅ SB3模型训练已启动并更新。
✅ 缓存模拟正常执行。

[1;33m下一步: 运行 'tensorboard --logdir ./runs' 来可视化训练过程。[0m

[0;32mLOH与stable-baselines3集成测试完成！[0m

[1;33m两端序列号对齐摘要:[0m
Python最后一次序号: N/A
C端最后一次序号: N/A
