=== LOH + stable-baselines3 RL Integration Test ===

[config] LOH_SCORE_USE_IRT=0
[config] LOH_SCORE_USE_COMPOUND=0
[config] LOH_FEATURE_LOG1P=1
[config] LOH_DUAL_CHANNEL=0
[config] CACHESIM_NUM_REQ=3000000
[pre-stop] Parallel-safe mode: skip global cleanup
State dimension controlled by LOH_INCLUDE_* environment variables
状态向量维度由环境变量控制（默认：GLOBAL(2)+SAMPLE(192)=194维）
Using trace file: data/MetaCDN/meta_reag.oracleGeneral.zst
Using cache size: 0.1
Using weights: miss_ratio_weight=1.0, byte_miss_ratio_weight=0
Using LOH_SHM_KEY=151415383 (shared memory: /dev/shm/loh_ac_151415383)
Cleaning up any existing shared memory files for this run...
[0;34m开始测试LOH算法与stable-baselines3强化学习的集成...[0m
[build] 检测到编译相关环境变量，将触发构建
[build] 检测到编译相关环境变量，复用现有 _build_dbg 目录执行一次增量构建...
Configuring and building project with strict warnings...
[debug.sh] Using LOH compile defs: -DLOH_INCLUDE_REQUEST=1
-- Version from /home/dingkp/libCacheSim/version.txt: 0.3.1
-- LOG_LEVEL is not set, use DEBUG as default for debug build
-- Found Zstd: /usr/local/lib/libzstd.so
-- ZSTD_INCLUDE_DIR /usr/local/include, ZSTD_LIBRARIES /usr/local/lib/libzstd.so
-- Found XGBoost (found version "3.1.0")
-- XGBOOST_INCLUDE_DIR=
-- CMAKE_CXX_FLAGS_DEBUG -g
-- CMAKE_CXX_FLAGS_RELWITHDEBINFO -O2 -g -DNDEBUG
-- CMAKE_CXX_FLAGS_RELEASE -O3 -DNDEBUG
-- SUPPORT TTL OFF, USE_HUGEPAGE ON
-- LOGLEVEL default, ENABLE_GLCACHE ON
-- ENABLE_LRB ON, ENABLE_3L_CACHE ON
-- OPT_SUPPORT_ZSTD_TRACE ON
-- <<++=====------------------\/------------------=====++>>
-- <<++              libCacheSim summary             ++>>
-- <<++=====------------------/\------------------=====++>>
-- ================== dependency related ==================
-- glib found?     TRUE - LIBS=/usr/lib/x86_64-linux-gnu/libglib-2.0.so, header=/usr/include/glib-2.0;/usr/lib/x86_64-linux-gnu/glib-2.0/include
-- tcmalloc found?  - LIBS=, header=
-- ZSTD found? TRUE - LIBS=/usr/local/lib/libzstd.so, header=/usr/local/include
-- ==================== CMake related =====================
-- platform          = Linux 6.8.0-87-generic
-- CPU type          = x86_64
-- cmake source      = /home/dingkp/libCacheSim
-- cmake compiler    = /usr/bin/cc
-- CMAKE_BUILD_TYPE  = Debug
-- CFLAGS            = -Wall -Wextra -Werror -Wno-unused-variable -Wno-unused-function -Wno-unused-parameter -Wno-unused-but-set-variable -Wpedantic -Wformat=2 -Wformat-security -Wshadow -Wwrite-strings -Wstrict-prototypes -Wold-style-definition -Wredundant-decls -Wnested-externs -Wmissing-include-dirs -DLOH_INCLUDE_REQUEST=1
-- dependency_libs    = m;dl;/usr/lib/x86_64-linux-gnu/libglib-2.0.so;/usr/local/lib/libzstd.so;xgboost::xgboost;/usr/local/lib/lib_lightgbm.so;/usr/local/lib/lib_lightgbm.so
-- Installation path = /usr/local
-- ========================================================
-- ============= Status of optional features ==============
-- ========================================================
-- cache_sources_c = admission/bloomfilter.c;admission/prob.c;admission/size.c;admission/sizeProbabilistic.c;eviction/ARC.c;eviction/ARCv0.c;eviction/Belady.c;eviction/BeladySize.c;eviction/CAR.c;eviction/Cacheus.c;eviction/Clock.c;eviction/ClockPro.c;eviction/FIFO.c;eviction/Hyperbolic.c;eviction/LeCaR.c;eviction/LeCaRv0.c;eviction/LFU.c;eviction/LFUDA.c;eviction/LIRS.c;eviction/LRU.c;eviction/LRUProb.c;eviction/LRUv0.c;eviction/MRU.c;eviction/nop.c;eviction/plugin_cache.c;eviction/QDLP.c;eviction/Random.c;eviction/RandomLRU.c;eviction/RandomTwo.c;eviction/S3FIFO.c;eviction/Sieve.c;eviction/Size.c;eviction/SLRU.c;eviction/SLRUv0.c;eviction/TwoQ.c;eviction/WTinyLFU.c;eviction/LOH.c;eviction/LOH_penalty.c;eviction/LOH_mr_blocked.c;eviction/LOH_mr_noblocked.c;eviction/CR_LFU.c;eviction/SR_LRU.c;eviction/FIFO_Merge.c;eviction/FIFO_Reinsertion.c;eviction/S3FIFOv0.c;eviction/S3FIFOd.c;eviction/other/flashProb.c;eviction/other/S3LRU.c;eviction/GLCache/bucket.c;eviction/GLCache/dataPrep.c;eviction/GLCache/eviction.c;eviction/GLCache/GLCache.c;eviction/GLCache/inference.c;eviction/GLCache/init.c;eviction/GLCache/segment.c;eviction/GLCache/segSel.c;eviction/GLCache/train.c;prefetch/Mithril.c;prefetch/OBL.c;prefetch/PG.c;cache.c;plugin.c
-- cache_sources_cpp = admission/adaptsize/adaptsize.cpp;admission/adaptsize/adaptsize_interface.cpp;eviction/cpp/LFU.cpp;eviction/cpp/GDSF.cpp;eviction/LHD/lhd.cpp;eviction/LHD/LHD_Interface.cpp;eviction/LRB/lrb.cpp;eviction/LRB/LRB_Interface.cpp;eviction/3LCache/ThreeLCache_Interface.cpp;eviction/3LCache/ThreeLCache.cpp
-- Building with test
-- Configuring done (0.1s)
-- Generating done (0.1s)
-- Build files have been written to: /home/dingkp/libCacheSim/_build_dbg
ninja: no work to do.

########################################################
debug build is at /home/dingkp/libCacheSim/scripts/../_build_dbg/bin/cachesim
you can debug cachesim by running: 
gdb -ex r --args PATH_TO_CACHESIM <trace_filepath> <trace_type> <cache_name> <cache_size>
or you can provide cachesim arguments when running the debug script: 
bash scripts/debug.sh <trace_filepath> <trace_type> <cache_name> <cache_size>
########################################################

✅ Rebuild completed successfully
Setting up Python environment...

[notice] A new release of pip is available: 25.1.1 -> 25.3
[notice] To update, run: python3 -m pip install --upgrade pip
Ensuring proper permissions...
[1;33mStarting stable-baselines3 training script... (Log: ac_sb3_meta_reward_algo_v4_20251215_145147_017_r01.log)[0m
Python script: scripts/loh_actor_critic_sb3.py
RL Algorithm: A2C
Miss ratio weight: 1.0
Waiting for Python script to create shared memory file...
[wait 0s/240s] Waiting for /dev/shm/loh_ac_151415383 ... (python pid=1343415)
Shared memory file successfully created by Python.
-rw-rw-rw- 1 dingkp dingkp 9728 12月 15 15:14 /dev/shm/loh_ac_151415383
[0;32mstable-baselines3 script is running with PID: 1343415[0m

[0;34mRunning cache simulation with eviction algorithm LOH (with SB3 integration)...[0m
You should see training updates if the system is working correctly.
Using trace file: data/MetaCDN/meta_reag.oracleGeneral.zst (type: oracleGeneral, cache size ratio: 0.1)
[1;33mRunning cachesim with the following parameters:[0m
  Trace file: data/MetaCDN/meta_reag.oracleGeneral.zst
  Trace type: oracleGeneral
  Cache size ratio: 0.1
  Eviction: LOH (with SB3 RL)
  Num requests: 3000000
  Python script: loh_actor_critic_sb3.py
  LOH_FIXED_WEIGHTS: <unset>
[0;34mRunning cachesim... (Log: cachesim_sb3_meta_reward_algo_v4_20251215_145147_017_r01.log)[0m
  Miss ratio weight: 1.0
  Byte miss ratio weight: 0
  RL update interval: 500
  Num requests: 3000000
Using rl_update_interval=500 for cachesim
Executing cachesim command:
 _build_dbg/bin/cachesim data/MetaCDN/meta_reag.oracleGeneral.zst oracleGeneral LOH 0.1 --eviction-params=miss-ratio-weight=1.0\,rl-update-interval=500 --num-req=3000000 -v 1
[0;32mCachesim execution completed successfully.[0m

[1;33mCachesim execution output summary:[0m
----------------------------------------
data/MetaCDN/meta_reag.oracleGeneral.zst LOH-OMR cache size     1TiB,          3000000 req, miss ratio 0.368221, byte miss ratio 0.217770, throughput 0.05 MQPS
----------------------------------------
Full log available in cachesim_sb3_meta_reward_algo_v4_20251215_145147_017_r01.log

[1;33mstable-baselines3 training output:[0m
----------------------------------------
[WEIGHTS_UPDATED] [seq 5408] dim=3/6 [0.263521, 0.302341, 0.434138]
[Step 5408] Weights: [2.6352149e-01 3.0234092e-01 4.3413758e-01 5.6051939e-45 5.6051939e-45
 5.6051939e-45]
[949162.177360] weights write completed, total time 0.000845 seconds
[949162.177721] waiting for C-side response (expecting new version != 5408)
[SEM][Python] sem_wait success wait@newstate
[949162.178597] [SEM][Python] C-side response (via sem) received, waited 0.000876 seconds — [seq 5409]
[STATE_HITRATIO] [seq 5409] [0.630000, 0.957939]
[STATE_AVGTOPK] [seq 5409] [0.344433, 0.050172, 0.944027, 0.095983, 0.050172, 0.493251, 0.037131, 0.079520, 0.493251, 0.037131, 0.100343, 0.493251]
[Step 5408] State info:
  obj_hit_ratio (raw[0]): 0.630000
  byte_hit_ratio (raw[1]): 0.957939
  total_evicted_bytes: 0
  total_evicted_count: 0
[Step 5408] Immediate reward: 1.000 * 0.630000 + 0.000 * 0.957939 = 0.630000
[949162.178908] Step 5408 completed, total duration 0.002394 seconds
[Step 5408] Observation returned to RL agent: [0.63    , 0.957939, 0.344433, 0.050172, 0.944027, 0.095983, 0.050172, 0.493251, 0.037131, 0.07952 , 0.493251, 0.037131, 0.100343, 0.493251, 0.037131, 0.116495, 0.493251, 0.037131, 0.129692, 0.493251, 1.      , 0.      , 0.352086, 0.137402, 0.979924, 0.368645, 0.037131, 0.979924, 0.368645, 1.      , 0.      , 0.610375, 1.      , 0.      , 0.470267, 0.658338, 0.129692, 0.583903, 0.194862, 0.483667, 0.783707, 1.      , 0.      , 0.407757, 0.730152, 0.07952 , 0.435894, 1.      , 0.      , 0.500513, 1.      , 0.      , 0.415117, 0.567652, 0.272245, 0.315261, 0.128453, 0.979924, 0.368645, 1.      , 0.      , 0.347257, 1.      , 0.      , 0.541223, 0.524391, 0.434576, 0.505988, 0.086216, 0.979924, 0.368645, 1.      , 0.      , 0.502427, 1.      , 0.      , 0.330885, 0.074262, 0.979925, 0.368645, 0.317499, 0.050172, 0.465386, 0.517189, 0.417071, 0.473247, 0.074262, 0.979925, 0.368645, 1.      , 0.      , 0.284873, 0.610634, 0.050172, 0.561024, 0.267332, 0.050172, 0.756515, 0.086216, 0.979925, 0.368645, 0.037131, 0.979925, 0.368645, 0.748324, 0.050172, 0.37837 , 0.536247, 0.14085 , 0.37658 , 0.380869, 0.417525, 0.459103, 0.086216, 0.979925, 0.368645, 0.625201, 0.116495, 0.436034, 0.178503, 0.483758, 0.783707, 1.      , 0.      , 0.475708, 1.      , 0.      , 0.555205, 0.095983, 0.979925, 0.368645, 0.037131, 0.979925, 0.368645, 1.      , 0.      , 0.574573, 0.058851, 0.979925, 0.368645, 0.737413, 0.07952 , 0.419366, 0.263558, 0.07952 , 0.47331 , 0.666401, 0.196015, 0.347861, 0.724571, 0.050172, 0.487495, 1.      , 0.      , 0.068499, 0.10424 , 0.979925, 0.368645, 0.668695, 0.100343, 0.488479, 0.058851, 0.979925, 0.368645, 1.      , 0.      , 0.494135, 0.117703, 0.100343, 0.47331 , 0.074262, 0.979926, 0.368645, 1.      , 0.      , 0.523235, 0.458027, 0.319846, 0.464875, 1.      , 0.      , 0.398396, 0.086216, 0.979926, 0.368645, 0.716967, 0.050172, 0.4913  , 0.217514, 0.14085 , 0.493251, 0.037131, 0.150515, 0.493251, 0.567231, 0.050172, 0.441307, 0.095983, 0.979926, 0.368645, 0.037131, 0.979926, 0.368645, 0.037131, 0.979926, 0.368645, 0.037131, 0.979926, 0.368645, 0.563822, 0.398194, 0.466612, 0.464585, 0.40786 , 0.472239, 0.208481, 0.050172, 0.502427, 0.086216, 0.979926, 0.368645, 1.      , 0.      , 0.513851, 1.      , 0.      , 0.587998, 1.      , 0.      , 0.401192, 0.284623, 0.223737, 0.582233, 1.      , 0.      , 0.392703, 1.      , 0.      , 0.587998, 0.30242 , 0.573485, 0.527542, 0.117703, 0.979926, 0.368645, 1.      , 0.      , 0.415167, 0.058851, 0.979926, 0.368645, 1.      , 0.      , 0.5705  , 0.058851, 0.979926, 0.368645, 0.037131, 0.979926, 0.368645, 1.      , 0.      , 0.391721, 1.      , 0.      , 0.463712, 0.074262, 0.979927, 0.368645, 1.      , 0.      , 0.412386, 0.771621, 0.050172, 0.452861, 0.193433, 0.116495, 0.47331 , 0.284092, 0.307516, 0.668221, 0.095983, 0.979927, 0.368645, 1.      , 0.      , 0.576311, 0.666646, 0.07952 , 0.482908, 0.095983, 0.129692, 0.47331 , 1.      , 0.      , 0.610752, 0.095983, 0.979927, 0.368645, 0.282743, 0.615592, 0.884281, 1.      , 0.      , 0.522608, 1.      , 0.      , 0.500206, 0.086216, 0.979927, 0.368645, 1.      , 0.      , 0.452316, 0.123347, 0.100343, 0.482908, 0.074262, 0.979927, 0.368645, 1.      , 0.      , 0.505506, 0.713579, 0.050172, 0.36697 , 0.550134, 0.344698, 0.44902 , 1.      , 0.      , 0.325536, 0.185656, 0.573511, 0.527542, 1.      , 0.      , 0.539404, 0.111393, 0.979927, 0.368645, 1.      , 0.      , 0.323775, 1.      , 0.      , 0.395211, 0.378543, 0.587334, 0.563441, 0.058851, 0.050172, 0.395211, 1.      , 0.      , 0.359719, 1.      , 0.      , 0.404382, 0.663862, 0.129692, 0.505676, 1.      , 0.      , 0.331135, 0.517708, 0.191021, 0.546587, 0.128453, 0.979927, 0.368645, 0.058851, 0.196015, 0.546587, 0.058851, 0.979927, 0.368645, 1.      , 0.      , 0.284449, 1.      , 0.      , 0.587998, 0.074262, 0.979927, 0.368645, 0.037131, 0.979927, 0.368645, 0.037131, 0.979928, 0.368645, 0.355901, 0.185657, 0.418974, 0.058851, 0.979928, 0.368645, 0.56682 , 0.100343, 0.587998, 1.      , 0.      , 0.587998, 0.285668, 0.07952 , 0.528294, 0.463883, 0.520369, 0.328569, 0.578371, 0.100343, 0.296116, 1.      , 0.      , 0.422102, 0.411369, 0.050172, 0.587998, 0.117703, 0.979928, 0.368645, 0.424309, 0.275535, 0.298479, 0.293815, 0.302152, 0.740083, 0.074262, 0.979928, 0.368645, 1.      , 0.      , 0.430158, 1.      , 0.      , 0.357086, 0.074262, 0.979928, 0.368645, 0.320553, 0.050172, 0.475936, 0.058851, 0.979928, 0.368645, 0.037131, 0.979928, 0.368645, 1.      , 0.      , 0.504555, 1.      , 0.      , 0.371797, 1.      , 0.      , 0.492038, 1.      , 0.      , 0.577754, 1.      , 0.      , 0.555465, 0.284623, 0.540878, 0.442514, 0.21933 , 0.14085 , 0.47331 , 0.647289, 0.050172, 0.542912, 0.434241, 0.278683, 0.477368, 0.260335, 0.07952 , 0.561024, 1.      , 0.      , 0.520396, 0.095983, 0.150515, 0.47331 , 1.      , 0.      , 0.401831, 0.623075, 0.400806, 0.738283, 1.      , 0.      , 0.414349, 1.      , 0.      , 0.396436, 1.      , 0.      , 0.335685, 0.467616, 0.050172, 0.756515, 0.160478, 0.979928, 0.368645, 0.213686, 0.587356, 0.563441, 1.      , 0.      , 0.419591, 1.      , 0.      , 0.499092, 0.429319, 0.416614, 0.471307, 0.428767, 0.495598, 0.566262, 1.      , 0.      , 0.424431, 1.      , 0.      , 0.561181, 0.117703, 0.979928, 0.368645, 0.037131, 0.979928, 0.368645, 1.      , 0.      , 0.679708, 0.058851, 0.979928, 0.368645, 0.599429, 0.15904 , 0.288218, 0.265478, 0.483848, 0.783707, 0.490142, 0.223737, 0.381462, 1.      , 0.      , 0.318083, 1.      , 0.      , 0.37317 , 1.      , 0.      , 0.587998, 0.111393, 0.979929, 0.368645, 1.      , 0.      , 0.5444  , 0.058851, 0.979929, 0.368645, 1.      , 0.      , 0.435318, 0.058851, 0.979929, 0.368645, 0.037131, 0.979929, 0.368645, 1.      , 0.      , 0.491488, 0.236713, 0.573537, 0.527542, 1.      , 0.      , 0.416516, 0.592539, 0.261367, 0.360858, 1.      , 0.      , 0.501601, 1.      , 0.      , 0.455305, 1.      , 0.      , 0.449266, 1.      , 0.      , 0.499304, 0.688499, 0.07952 , 0.353032]
==================================================
[Step 5409] [949162.185255] step started
[Step 5409] Action logits (dim=3): [-2.632, -3.000, 2.197]
[TIMING][Python] Model inference (softmax): 0.000234 seconds
[TIMING][Python] Wait for C ready: 0.000039 seconds (1 iterations)
[SEM][Python] posting ack semaphore for seq 5409
[SEM][Python] sem_post ack seq 5409
[TIMING][Python] Write weights total: 0.000168 seconds (shm: 0.000051, sem_post: 0.000096)
[WEIGHTS_UPDATED] [seq 5409] dim=3/6 [0.237169, 0.272107, 0.490724]
[Step 5409] Weights: [2.3716936e-01 2.7210683e-01 4.9072382e-01 5.6051939e-45 5.6051939e-45
 5.6051939e-45]
[949162.186028] weights write completed, total time 0.000773 seconds
[949162.186404] waiting for C-side response (expecting new version != 5409)
----------------------------------------

[1;33m检查日志中的错误信息...[0m
[0;32mPython日志中未检测到错误信息。[0m

[1;33mStopping stable-baselines3 training script gracefully...[0m
Python process exited gracefully.
Cleaning up shared memory file...
Removed existing shared memory file /dev/shm/loh_ac_151415383

[0;34m=== stable-baselines3 训练结果分析 ===[0m

[1;33mC++性能指标分析 (发送给RL):[0m
[0;31m未检测到C++性能指标日志。[0m

[1;33mSB3训练与奖励分析 (Python端):[0m
[0;32m检测到自定义训练/通信日志，SB3循环正常运行。[0m
📊 Step事件: 32451 次，权重写入: 5409 次

[1;33m最近的事件片段:[0m
[Step 5406] Immediate reward: 1.000 * 0.656000 + 0.000 * 0.578722 = 0.656000
[Step 5406] Observation returned to RL agent: [0.656   , 0.578722, 0.456289, 0.116495, 0.444682, 0.117703, 0.979902, 0.368645, 1.      , 0.      , 0.401584, 0.405236, 0.536072, 0.588138, 0.618497, 0.261367, 0.360502, 0.413979, 0.291365, 0.605798, 0.449311, 0.382778, 0.473693, 1.      , 0.      , 0.469048, 1.      , 0.      , 0.557024, 1.      , 0.      , 0.607689, 1.      , 0.      , 0.530471, 0.291312, 0.573169, 0.527542, 1.      , 0.      , 0.502733, 1.      , 0.      , 0.464505, 0.167965, 0.129692, 0.573247, 1.      , 0.      , 0.469539, 1.      , 0.      , 0.587998, 1.      , 0.      , 0.70455 , 1.      , 0.      , 0.534049, 0.15773 , 0.979902, 0.368645, 1.      , 0.      , 0.389865, 1.      , 0.      , 0.587998, 0.409837, 0.505302, 0.52897 , 1.      , 0.      , 0.48508 , 0.123347, 0.050172, 0.469539, 0.037131, 0.07952 , 0.469539, 0.111393, 0.979902, 0.368645, 1.      , 0.      , 0.56422 , 1.      , 0.      , 0.326479, 1.      , 0.      , 0.411386, 1.      , 0.      , 0.398069, 1.      , 0.      , 0.41997 , 1.      , 0.      , 0.495734, 0.472854, 0.47047 , 0.57554 , 1.      , 0.      , 0.354041, 0.123347, 0.979903, 0.368645, 1.      , 0.      , 0.44613 , 1.      , 0.      , 0.412444, 0.074262, 0.979903, 0.368645, 1.      , 0.      , 0.356108, 1.      , 0.      , 0.374839, 0.187304, 0.050172, 0.607689, 1.      , 0.      , 0.378306, 1.      , 0.      , 0.404635, 1.      , 0.      , 0.343676, 0.111393, 0.979903, 0.368645, 0.465881, 0.14085 , 0.516509, 0.058851, 0.979903, 0.368645, 1.      , 0.      , 0.341516, 0.761703, 0.07952 , 0.512866, 0.074262, 0.979903, 0.368645, 0.058851, 0.100343, 0.512866, 0.33248 , 0.253086, 0.761778, 1.      , 0.      , 0.487263, 1.      , 0.      , 0.672177, 1.      , 0.      , 0.416223, 0.742663, 0.050172, 0.495014, 0.111393, 0.979903, 0.368645, 0.037131, 0.979903, 0.368645, 1.      , 0.      , 0.944027, 0.058851, 0.979903, 0.368645, 0.037131, 0.979903, 0.368645, 0.037131, 0.979903, 0.368645, 0.237988, 0.116495, 0.318945, 0.128453, 0.050172, 0.672177, 1.      , 0.      , 0.499693, 0.235406, 0.317182, 0.717914, 0.486339, 0.371314, 0.472471, 0.167965, 0.150515, 0.516509, 1.      , 0.      , 0.362845, 1.      , 0.      , 0.407403, 1.      , 0.      , 0.449244, 0.128453, 0.979903, 0.368645, 0.167965, 0.116495, 0.512866, 0.117703, 0.318081, 0.717914, 0.606313, 0.235829, 0.501585, 0.627955, 0.050172, 0.424202, 0.095983, 0.979904, 0.368645, 0.037131, 0.979904, 0.368645, 0.037131, 0.979904, 0.368645, 0.721152, 0.050172, 0.588123, 0.415697, 0.257345, 0.491387, 0.729881, 0.100343, 0.40734 , 0.086216, 0.979904, 0.368645, 1.      , 0.      , 0.463331, 0.353694, 0.454861, 0.396803, 0.074262, 0.979904, 0.368645, 0.553903, 0.150515, 0.435532, 0.386748, 0.050172, 0.571101, 0.074262, 0.979904, 0.368645, 1.      , 0.      , 0.43616 , 0.538879, 0.369141, 0.473761, 0.702374, 0.150515, 0.352238, 0.086216, 0.979904, 0.368645, 0.58359 , 0.37507 , 0.474593, 0.058851, 0.979904, 0.368645, 1.      , 0.      , 0.400909, 1.      , 0.      , 0.405129, 0.477906, 0.050172, 0.756515, 1.      , 0.      , 0.54782 , 0.095983, 0.979904, 0.368645, 0.037131, 0.979904, 0.368645, 0.037131, 0.979904, 0.368645, 1.      , 0.      , 0.309073, 0.679787, 0.050172, 0.51665 , 1.      , 0.      , 0.294169, 0.086216, 0.979905, 0.368645, 1.      , 0.      , 0.556003, 0.058851, 0.979905, 0.368645, 0.278181, 0.302152, 0.668221, 1.      , 0.      , 0.325353, 0.194862, 0.318969, 0.717914, 0.779688, 0.050172, 0.481605, 0.267695, 0.050172, 0.614895, 0.10424 , 0.979905, 0.368645, 0.276056, 0.615518, 0.884281, 0.058851, 0.979905, 0.368645, 0.037131, 0.979905, 0.368645, 0.652634, 0.129692, 0.437285, 0.058851, 0.979905, 0.368645, 0.635424, 0.309555, 0.381636, 0.058851, 0.979905, 0.368645, 0.133114, 0.319846, 0.717914, 1.      , 0.      , 0.3917  , 0.074262, 0.979905, 0.368645, 0.314108, 0.350062, 0.397843, 0.396443, 0.308543, 0.47449 , 1.      , 0.      , 0.614171, 0.086216, 0.979905, 0.368645, 0.037131, 0.979905, 0.368645, 1.      , 0.      , 0.332946, 0.058851, 0.979906, 0.368645, 0.31365 , 0.364587, 0.61357 , 0.058851, 0.979906, 0.368645, 1.      , 0.      , 0.473199, 0.637931, 0.129692, 0.647687, 0.624888, 0.15904 , 0.336758, 0.245062, 0.07952 , 0.607689, 0.095983, 0.979906, 0.368645, 0.037131, 0.979906, 0.368645, 1.      , 0.      , 0.295463, 1.      , 0.      , 0.482185, 0.074262, 0.979906, 0.368645, 0.450613, 0.352324, 0.482732, 1.      , 0.      , 0.494853, 1.      , 0.      , 0.412   , 0.074262, 0.352879, 0.482732, 0.095983, 0.979906, 0.368645, 1.      , 0.      , 0.399384, 0.239234, 0.129692, 0.318945, 1.      , 0.      , 0.427704, 0.284092, 0.593018, 0.572747, 1.      , 0.      , 0.422444, 0.482126, 0.07952 , 0.504336, 1.      , 0.      , 0.422234, 0.591343, 0.07952 , 0.449662, 0.123347, 0.979906, 0.368645, 0.291079, 0.297555, 0.740083, 0.734079, 0.050172, 0.587998, 1.      , 0.      , 0.442603, 0.482653, 0.246187, 0.46251 , 1.      , 0.      , 0.372476, 1.      , 0.      , 0.476211, 0.154834, 0.353429, 0.482732, 1.      , 0.      , 0.331277, 1.      , 0.      , 0.640983, 1.      , 0.      , 0.542216, 0.512078, 0.253086, 0.577689, 0.137402, 0.979906, 0.368645, 0.746382, 0.129692, 0.487967, 1.      , 0.      , 0.587998, 1.      , 0.      , 0.582875, 1.      , 0.      , 0.490457, 1.      , 0.      , 0.596503, 0.639437, 0.166667, 0.597154, 1.      , 0.      , 0.3229  , 0.117703, 0.979906, 0.368645, 1.      , 0.      , 0.433804, 0.259498, 0.255246, 0.761778, 1.      , 0.      , 0.440934, 1.      , 0.      , 0.445808, 0.477338, 0.397898, 0.46942 , 0.10424 , 0.979906, 0.368645, 0.628165, 0.173565, 0.461706, 0.680069, 0.050172, 0.420904, 1.      , 0.      , 0.55394 , 1.      , 0.      , 0.500332, 0.637326, 0.07952 , 0.334944, 0.384465, 0.209212, 0.665878, 0.440817, 0.050172, 0.756515, 0.745964, 0.07952 , 0.336618, 1.      , 0.      , 0.271035, 0.411121, 0.45699 , 0.472444, 0.60305 , 0.100343, 0.460294, 1.      , 0.      , 0.333756, 0.699114, 0.116495, 0.623863, 1.      , 0.      , 0.525529, 0.148525, 0.979906, 0.368645, 0.554328, 0.050172, 0.47859 , 0.280795, 0.573196, 0.527542]
[Step 5407] [949162.167641] step started
[Step 5407] Action logits (dim=3): [0.972, -3.000, 1.980]
[Step 5407] Weights: [2.9267064e-01 2.8044432e-01 4.2688507e-01 5.6051939e-45 5.6051939e-45
[949162.168481] weights write completed, total time 0.000840 seconds
[Step 5407] State info:
[Step 5407] Immediate reward: 1.000 * 0.652000 + 0.000 * 0.553017 = 0.652000
[Step 5407] Observation returned to RL agent: [0.652   , 0.553017, 0.086216, 0.979913, 0.368645, 1.      , 0.      , 0.547574, 1.      , 0.      , 0.416097, 0.074262, 0.979914, 0.368645, 0.693317, 0.116495, 0.530641, 1.      , 0.      , 0.446549, 0.074262, 0.979914, 0.368645, 0.71807 , 0.100343, 0.525252, 0.058851, 0.979914, 0.368645, 1.      , 0.      , 0.441444, 0.058851, 0.979914, 0.368645, 0.710915, 0.050172, 0.472682, 0.489742, 0.050172, 0.522273, 0.074262, 0.979914, 0.368645, 0.037131, 0.979914, 0.368645, 0.037131, 0.979914, 0.368645, 1.      , 0.      , 0.419578, 1.      , 0.      , 0.435295, 1.      , 0.      , 0.463195, 0.037131, 0.050172, 0.463195, 0.037131, 0.07952 , 0.463195, 0.037131, 0.100343, 0.463195, 1.      , 0.      , 0.490348, 1.      , 0.      , 0.464751, 1.      , 0.      , 0.285188, 0.128453, 0.979914, 0.368645, 0.467294, 0.397601, 0.54541 , 1.      , 0.      , 0.323521, 1.      , 0.      , 0.647787, 1.      , 0.      , 0.325353, 0.4765  , 0.363163, 0.493023, 0.10424 , 0.979914, 0.368645, 0.037131, 0.979914, 0.368645, 0.419147, 0.376679, 0.472597, 1.      , 0.      , 0.477598, 1.      , 0.      , 0.39726 , 1.      , 0.      , 0.451241, 0.687092, 0.116495, 0.491595, 0.628651, 0.255246, 0.665334, 0.111393, 0.979915, 0.368645, 0.749223, 0.050172, 0.587196, 0.058851, 0.979915, 0.368645, 0.037131, 0.979915, 0.368645, 0.037131, 0.979915, 0.368645, 1.      , 0.      , 0.305686, 1.      , 0.      , 0.366484, 1.      , 0.      , 0.515283, 0.274485, 0.476723, 0.396256, 0.266966, 0.540713, 0.442514, 1.      , 0.      , 0.496242, 1.      , 0.      , 0.293956, 0.117703, 0.979915, 0.368645, 0.037131, 0.979915, 0.368645, 0.037131, 0.979915, 0.368645, 0.571201, 0.191021, 0.756515, 0.037131, 0.196015, 0.756515, 0.037131, 0.200687, 0.756515, 0.037131, 0.205075, 0.756515, 0.037131, 0.209212, 0.756515, 0.037131, 0.213126, 0.756515, 0.037131, 0.216838, 0.756515, 0.037131, 0.22037 , 0.756515, 0.037131, 0.223737, 0.756515, 0.037131, 0.226955, 0.756515, 0.037131, 0.230035, 0.756515, 0.037131, 0.23299 , 0.756515, 0.037131, 0.235829, 0.756515, 0.145067, 0.979915, 0.368645, 0.722553, 0.050172, 0.504998, 0.339646, 0.536116, 0.588138, 1.      , 0.      , 0.40203 , 1.      , 0.      , 0.3956  , 1.      , 0.      , 0.535961, 1.      , 0.      , 0.545192, 1.      , 0.      , 0.687402, 0.702293, 0.116495, 0.530988, 0.239846, 0.173565, 0.318945, 1.      , 0.      , 0.568771, 0.133114, 0.979915, 0.368645, 0.037131, 0.979915, 0.368645, 1.      , 0.      , 0.360054, 0.111393, 0.050172, 0.687402, 0.123347, 0.050172, 0.545192, 1.      , 0.      , 0.455948, 0.537444, 0.278683, 0.337775, 0.380693, 0.351202, 0.57458 , 0.111393, 0.979915, 0.368645, 0.037131, 0.979916, 0.368645, 0.582189, 0.173565, 0.47238 , 0.558162, 0.280207, 0.471   , 1.      , 0.      , 0.443004, 0.086216, 0.979916, 0.368645, 1.      , 0.      , 0.4255  , 1.      , 0.      , 0.507409, 0.074262, 0.979916, 0.368645, 1.      , 0.      , 0.410226, 0.058851, 0.979916, 0.368645, 1.      , 0.      , 0.506501, 1.      , 0.      , 0.545192, 0.719547, 0.100343, 0.401693, 1.      , 0.      , 0.510494, 0.230564, 0.050172, 0.647787, 1.      , 0.      , 0.42202 , 0.682831, 0.050172, 0.426744, 1.      , 0.      , 0.413566, 0.590284, 0.191021, 0.424802, 1.      , 0.      , 0.344878, 0.095983, 0.050172, 0.42202 , 1.      , 0.      , 0.509116, 0.284623, 0.483121, 0.783707, 0.295564, 0.29989 , 0.740083, 0.148525, 0.979916, 0.368645, 0.037131, 0.979916, 0.368645, 0.141371, 0.050172, 0.510494, 0.037131, 0.07952 , 0.510494, 0.074262, 0.979916, 0.368645, 1.      , 0.      , 0.369419, 1.      , 0.      , 0.538062, 1.      , 0.      , 0.408549, 0.086216, 0.979916, 0.368645, 0.037131, 0.979916, 0.368645, 1.      , 0.      , 0.350299, 1.      , 0.      , 0.501595, 1.      , 0.      , 0.567627, 0.684537, 0.07952 , 0.490589, 0.095983, 0.979916, 0.368645, 0.342138, 0.470579, 0.57554 , 1.      , 0.      , 0.510494, 0.074262, 0.979917, 0.368645, 1.      , 0.      , 0.471067, 1.      , 0.      , 0.452729, 0.154834, 0.100343, 0.510494, 1.      , 0.      , 0.39985 , 1.      , 0.      , 0.452539, 0.074262, 0.116495, 0.510494, 0.037131, 0.129692, 0.510494, 1.      , 0.      , 0.364809, 0.141371, 0.100343, 0.490589, 0.222787, 0.129692, 0.530988, 0.133114, 0.979917, 0.368645, 0.037131, 0.979917, 0.368645, 1.      , 0.      , 0.504386, 0.536719, 0.050172, 0.587998, 0.271872, 0.573406, 0.527542, 0.086216, 0.979917, 0.368645, 1.      , 0.      , 0.458827, 1.      , 0.      , 0.425263, 0.074262, 0.979917, 0.368645, 0.037131, 0.979917, 0.368645, 1.      , 0.      , 0.4859  , 0.058851, 0.979917, 0.368645, 1.      , 0.      , 0.416374, 1.      , 0.      , 0.465386, 0.074262, 0.979917, 0.368645, 1.      , 0.      , 0.336665, 1.      , 0.      , 0.416439, 1.      , 0.      , 0.715498, 0.167965, 0.14085 , 0.510494, 1.      , 0.      , 0.385644, 1.      , 0.      , 0.552586, 0.111393, 0.979917, 0.368645, 0.284092, 0.615562, 0.884281, 0.095983, 0.150515, 0.510494, 0.074262, 0.979917, 0.368645, 0.286693, 0.305418, 0.668221, 1.      , 0.      , 0.472111, 0.074262, 0.979917, 0.368645, 1.      , 0.      , 0.405201, 1.      , 0.      , 0.651372, 0.037131, 0.050172, 0.651372, 0.086216, 0.979918, 0.368645, 1.      , 0.      , 0.498566, 1.      , 0.      , 0.415555, 1.      , 0.      , 0.44059 , 1.      , 0.      , 0.421767, 0.10424 , 0.07952 , 0.651372, 0.10424 , 0.979918, 0.368645, 0.037131, 0.979918, 0.368645, 0.037131, 0.979918, 0.368645, 0.037131, 0.979918, 0.368645, 0.790107, 0.050172, 0.404982, 0.10424 , 0.100343, 0.651372, 0.074262, 0.979918, 0.368645, 0.037131, 0.979918, 0.368645, 0.037131, 0.979918, 0.368645, 1.      , 0.      , 0.329467, 1.      , 0.      , 0.688016, 1.      , 0.      , 0.365907, 0.537274, 0.050172, 0.587998, 1.      , 0.      , 0.553103, 0.10424 , 0.979918, 0.368645, 1.      , 0.      , 0.447243, 0.632165, 0.050172, 0.425177, 0.482416, 0.100343, 0.304903, 0.086216, 0.979918, 0.368645, 0.183955, 0.050172, 0.472111, 0.058851, 0.979919, 0.368645, 0.260335, 0.53616 , 0.588138, 0.773994, 0.050172, 0.502707, 0.483914, 0.230035, 0.528324]
[Step 5408] [949162.176514] step started
[Step 5408] Action logits (dim=3): [1.185, 3.000, 3.000]
[Step 5408] Weights: [2.6352149e-01 3.0234092e-01 4.3413758e-01 5.6051939e-45 5.6051939e-45
[949162.177360] weights write completed, total time 0.000845 seconds
[Step 5408] State info:
[Step 5408] Immediate reward: 1.000 * 0.630000 + 0.000 * 0.957939 = 0.630000
[Step 5408] Observation returned to RL agent: [0.63    , 0.957939, 0.344433, 0.050172, 0.944027, 0.095983, 0.050172, 0.493251, 0.037131, 0.07952 , 0.493251, 0.037131, 0.100343, 0.493251, 0.037131, 0.116495, 0.493251, 0.037131, 0.129692, 0.493251, 1.      , 0.      , 0.352086, 0.137402, 0.979924, 0.368645, 0.037131, 0.979924, 0.368645, 1.      , 0.      , 0.610375, 1.      , 0.      , 0.470267, 0.658338, 0.129692, 0.583903, 0.194862, 0.483667, 0.783707, 1.      , 0.      , 0.407757, 0.730152, 0.07952 , 0.435894, 1.      , 0.      , 0.500513, 1.      , 0.      , 0.415117, 0.567652, 0.272245, 0.315261, 0.128453, 0.979924, 0.368645, 1.      , 0.      , 0.347257, 1.      , 0.      , 0.541223, 0.524391, 0.434576, 0.505988, 0.086216, 0.979924, 0.368645, 1.      , 0.      , 0.502427, 1.      , 0.      , 0.330885, 0.074262, 0.979925, 0.368645, 0.317499, 0.050172, 0.465386, 0.517189, 0.417071, 0.473247, 0.074262, 0.979925, 0.368645, 1.      , 0.      , 0.284873, 0.610634, 0.050172, 0.561024, 0.267332, 0.050172, 0.756515, 0.086216, 0.979925, 0.368645, 0.037131, 0.979925, 0.368645, 0.748324, 0.050172, 0.37837 , 0.536247, 0.14085 , 0.37658 , 0.380869, 0.417525, 0.459103, 0.086216, 0.979925, 0.368645, 0.625201, 0.116495, 0.436034, 0.178503, 0.483758, 0.783707, 1.      , 0.      , 0.475708, 1.      , 0.      , 0.555205, 0.095983, 0.979925, 0.368645, 0.037131, 0.979925, 0.368645, 1.      , 0.      , 0.574573, 0.058851, 0.979925, 0.368645, 0.737413, 0.07952 , 0.419366, 0.263558, 0.07952 , 0.47331 , 0.666401, 0.196015, 0.347861, 0.724571, 0.050172, 0.487495, 1.      , 0.      , 0.068499, 0.10424 , 0.979925, 0.368645, 0.668695, 0.100343, 0.488479, 0.058851, 0.979925, 0.368645, 1.      , 0.      , 0.494135, 0.117703, 0.100343, 0.47331 , 0.074262, 0.979926, 0.368645, 1.      , 0.      , 0.523235, 0.458027, 0.319846, 0.464875, 1.      , 0.      , 0.398396, 0.086216, 0.979926, 0.368645, 0.716967, 0.050172, 0.4913  , 0.217514, 0.14085 , 0.493251, 0.037131, 0.150515, 0.493251, 0.567231, 0.050172, 0.441307, 0.095983, 0.979926, 0.368645, 0.037131, 0.979926, 0.368645, 0.037131, 0.979926, 0.368645, 0.037131, 0.979926, 0.368645, 0.563822, 0.398194, 0.466612, 0.464585, 0.40786 , 0.472239, 0.208481, 0.050172, 0.502427, 0.086216, 0.979926, 0.368645, 1.      , 0.      , 0.513851, 1.      , 0.      , 0.587998, 1.      , 0.      , 0.401192, 0.284623, 0.223737, 0.582233, 1.      , 0.      , 0.392703, 1.      , 0.      , 0.587998, 0.30242 , 0.573485, 0.527542, 0.117703, 0.979926, 0.368645, 1.      , 0.      , 0.415167, 0.058851, 0.979926, 0.368645, 1.      , 0.      , 0.5705  , 0.058851, 0.979926, 0.368645, 0.037131, 0.979926, 0.368645, 1.      , 0.      , 0.391721, 1.      , 0.      , 0.463712, 0.074262, 0.979927, 0.368645, 1.      , 0.      , 0.412386, 0.771621, 0.050172, 0.452861, 0.193433, 0.116495, 0.47331 , 0.284092, 0.307516, 0.668221, 0.095983, 0.979927, 0.368645, 1.      , 0.      , 0.576311, 0.666646, 0.07952 , 0.482908, 0.095983, 0.129692, 0.47331 , 1.      , 0.      , 0.610752, 0.095983, 0.979927, 0.368645, 0.282743, 0.615592, 0.884281, 1.      , 0.      , 0.522608, 1.      , 0.      , 0.500206, 0.086216, 0.979927, 0.368645, 1.      , 0.      , 0.452316, 0.123347, 0.100343, 0.482908, 0.074262, 0.979927, 0.368645, 1.      , 0.      , 0.505506, 0.713579, 0.050172, 0.36697 , 0.550134, 0.344698, 0.44902 , 1.      , 0.      , 0.325536, 0.185656, 0.573511, 0.527542, 1.      , 0.      , 0.539404, 0.111393, 0.979927, 0.368645, 1.      , 0.      , 0.323775, 1.      , 0.      , 0.395211, 0.378543, 0.587334, 0.563441, 0.058851, 0.050172, 0.395211, 1.      , 0.      , 0.359719, 1.      , 0.      , 0.404382, 0.663862, 0.129692, 0.505676, 1.      , 0.      , 0.331135, 0.517708, 0.191021, 0.546587, 0.128453, 0.979927, 0.368645, 0.058851, 0.196015, 0.546587, 0.058851, 0.979927, 0.368645, 1.      , 0.      , 0.284449, 1.      , 0.      , 0.587998, 0.074262, 0.979927, 0.368645, 0.037131, 0.979927, 0.368645, 0.037131, 0.979928, 0.368645, 0.355901, 0.185657, 0.418974, 0.058851, 0.979928, 0.368645, 0.56682 , 0.100343, 0.587998, 1.      , 0.      , 0.587998, 0.285668, 0.07952 , 0.528294, 0.463883, 0.520369, 0.328569, 0.578371, 0.100343, 0.296116, 1.      , 0.      , 0.422102, 0.411369, 0.050172, 0.587998, 0.117703, 0.979928, 0.368645, 0.424309, 0.275535, 0.298479, 0.293815, 0.302152, 0.740083, 0.074262, 0.979928, 0.368645, 1.      , 0.      , 0.430158, 1.      , 0.      , 0.357086, 0.074262, 0.979928, 0.368645, 0.320553, 0.050172, 0.475936, 0.058851, 0.979928, 0.368645, 0.037131, 0.979928, 0.368645, 1.      , 0.      , 0.504555, 1.      , 0.      , 0.371797, 1.      , 0.      , 0.492038, 1.      , 0.      , 0.577754, 1.      , 0.      , 0.555465, 0.284623, 0.540878, 0.442514, 0.21933 , 0.14085 , 0.47331 , 0.647289, 0.050172, 0.542912, 0.434241, 0.278683, 0.477368, 0.260335, 0.07952 , 0.561024, 1.      , 0.      , 0.520396, 0.095983, 0.150515, 0.47331 , 1.      , 0.      , 0.401831, 0.623075, 0.400806, 0.738283, 1.      , 0.      , 0.414349, 1.      , 0.      , 0.396436, 1.      , 0.      , 0.335685, 0.467616, 0.050172, 0.756515, 0.160478, 0.979928, 0.368645, 0.213686, 0.587356, 0.563441, 1.      , 0.      , 0.419591, 1.      , 0.      , 0.499092, 0.429319, 0.416614, 0.471307, 0.428767, 0.495598, 0.566262, 1.      , 0.      , 0.424431, 1.      , 0.      , 0.561181, 0.117703, 0.979928, 0.368645, 0.037131, 0.979928, 0.368645, 1.      , 0.      , 0.679708, 0.058851, 0.979928, 0.368645, 0.599429, 0.15904 , 0.288218, 0.265478, 0.483848, 0.783707, 0.490142, 0.223737, 0.381462, 1.      , 0.      , 0.318083, 1.      , 0.      , 0.37317 , 1.      , 0.      , 0.587998, 0.111393, 0.979929, 0.368645, 1.      , 0.      , 0.5444  , 0.058851, 0.979929, 0.368645, 1.      , 0.      , 0.435318, 0.058851, 0.979929, 0.368645, 0.037131, 0.979929, 0.368645, 1.      , 0.      , 0.491488, 0.236713, 0.573537, 0.527542, 1.      , 0.      , 0.416516, 0.592539, 0.261367, 0.360858, 1.      , 0.      , 0.501601, 1.      , 0.      , 0.455305, 1.      , 0.      , 0.449266, 1.      , 0.      , 0.499304, 0.688499, 0.07952 , 0.353032]
[Step 5409] [949162.185255] step started
[Step 5409] Action logits (dim=3): [-2.632, -3.000, 2.197]
[Step 5409] Weights: [2.3716936e-01 2.7210683e-01 4.9072382e-01 5.6051939e-45 5.6051939e-45
[949162.186028] weights write completed, total time 0.000773 seconds

[1;33m权重更新分析 (C++端接收):[0m
[0;32m检测到权重更新，C++/Python通信正常！[0m
📊 权重更新次数: 5409

[0;34m=== 测试结论 ===[0m
[0;32mSB3集成测试成功完成！[0m
✅ C++与Python的通信正常。
✅ SB3模型训练已启动并更新。
✅ 缓存模拟正常执行。

[1;33m下一步: 运行 'tensorboard --logdir ./runs' 来可视化训练过程。[0m

[0;32mLOH与stable-baselines3集成测试完成！[0m

[1;33m两端序列号对齐摘要:[0m
Python最后一次序号: N/A
C端最后一次序号: N/A
