=== LOH + stable-baselines3 RL Integration Test ===

[config] LOH_SCORE_USE_IRT=1
[config] LOH_SCORE_USE_COMPOUND=1
[config] LOH_FEATURE_LOG1P=1
[config] LOH_DUAL_CHANNEL=0
[config] CACHESIM_NUM_REQ=3000000
[pre-stop] Parallel-safe mode: skip global cleanup
State dimension controlled by LOH_INCLUDE_* environment variables
状态向量维度由环境变量控制（默认：GLOBAL(2)+SAMPLE(192)=194维）
Using trace file: data/MetaCDN/meta_reag.oracleGeneral.zst
Using cache size: 0.1
Using weights: miss_ratio_weight=1.0, byte_miss_ratio_weight=0
Using LOH_SHM_KEY=160956189 (shared memory: /dev/shm/loh_ac_160956189)
Cleaning up any existing shared memory files for this run...
[0;34m开始测试LOH算法与stable-baselines3强化学习的集成...[0m
[build] LOH_SKIP_BUILD=1, skip build step
[build] 未设置编译相关环境变量，直接复用已有 _build_dbg/bin/cachesim（不触发构建）
[python] LOH_SKIP_PIP_INSTALL=1, skip pip install
Ensuring proper permissions...
[1;33mStarting stable-baselines3 training script... (Log: ac_sb3_meta_refine_user_3m_1212_160647_002_r01.log)[0m
Python script: scripts/loh_actor_critic_sb3.py
RL Algorithm: SAC
Miss ratio weight: 1.0
Waiting for Python script to create shared memory file...
[wait 0s/240s] Waiting for /dev/shm/loh_ac_160956189 ... (python pid=234202)
Shared memory file successfully created by Python.
-rw-rw-rw- 1 dingkp dingkp 9728 12月 12 16:09 /dev/shm/loh_ac_160956189
[0;32mstable-baselines3 script is running with PID: 234202[0m

[0;34mRunning cache simulation with eviction algorithm LOH (with SB3 integration)...[0m
You should see training updates if the system is working correctly.
Using trace file: data/MetaCDN/meta_reag.oracleGeneral.zst (type: oracleGeneral, cache size ratio: 0.1)
[1;33mRunning cachesim with the following parameters:[0m
  Trace file: data/MetaCDN/meta_reag.oracleGeneral.zst
  Trace type: oracleGeneral
  Cache size ratio: 0.1
  Eviction: LOH (with SB3 RL)
  Num requests: 3000000
  Python script: loh_actor_critic_sb3.py
  LOH_FIXED_WEIGHTS: <unset>
[0;34mRunning cachesim... (Log: cachesim_sb3_meta_refine_user_3m_1212_160647_002_r01.log)[0m
  Miss ratio weight: 1.0
  Byte miss ratio weight: 0
  Num requests: 3000000
Executing cachesim command:
 _build_dbg/bin/cachesim data/MetaCDN/meta_reag.oracleGeneral.zst oracleGeneral LOH 0.1 --eviction-params=miss-ratio-weight=1.0 --num-req=3000000 -v 1
[0;32mCachesim execution completed successfully.[0m

[1;33mCachesim execution output summary:[0m
----------------------------------------
data/MetaCDN/meta_reag.oracleGeneral.zst LOH-OMR cache size     1TiB,          3000000 req, miss ratio 0.3688, byte miss ratio 0.2171, throughput 0.02 MQPS
----------------------------------------
Full log available in cachesim_sb3_meta_refine_user_3m_1212_160647_002_r01.log

[1;33mstable-baselines3 training output:[0m
----------------------------------------
[Step 13523] Action logits (dim=6): [0.796, 0.461, -0.703, 0.513, 0.631, 0.339]
[TIMING][Python] Model inference (softmax): 0.000511 seconds
[TIMING][Python] Wait for C ready: 0.000033 seconds (1 iterations)
[SEM][Python] posting ack semaphore for seq 13523
[SEM][Python] sem_post ack seq 13523
[TIMING][Python] Write weights total: 0.000240 seconds (shm: 0.000078, sem_post: 0.000132)
[WEIGHTS_UPDATED] [seq 13523] dim=6/6 [0.239659, 0.171403, 0.053540, 0.180474, 0.203213, 0.151711]
[Step 13523] Weights: [0.23965852 0.17140326 0.0535404  0.18047413 0.20321298 0.15171076]
[693430.597281] weights write completed, total time 0.002074 seconds
[693430.597522] waiting for C-side response (expecting new version != 13523)
[SEM][Python] sem_wait success wait@newstate
[693430.605774] [SEM][Python] C-side response (via sem) received, waited 0.008253 seconds — [seq 13524]
[STATE_HITRATIO] [seq 13524] [0.660000, 0.395066]
[STATE_AVGTOPK] [seq 13524] [1.000000, 0.000000, 0.471178, 0.417670, 0.179864, 0.501704, 1.000000, 0.000000, 0.332449, 1.000000, 0.000000, 0.587998]
[Step 13523] Immediate reward: 1.000 * 0.660000 + 0.000 * 0.395066 = 0.660000
[693430.605978] Step 13523 completed, total duration 0.010771 seconds
[Step 13523] Observation returned to RL agent: [0.66    , 0.395066, 1.      , 0.      , 0.471178, 0.41767 , 0.179864, 0.501704, 1.      , 0.      , 0.332449, 1.      , 0.      , 0.587998, 0.571584, 0.100343, 0.688016, 0.117703, 0.979931, 0.368645, 0.768401, 0.07952 , 0.471897, 0.058851, 0.979931, 0.368645, 0.037131, 0.979931, 0.368645, 0.631543, 0.257345, 0.473999, 0.058851, 0.979931, 0.368645, 1.      , 0.      , 0.50436 , 0.058851, 0.979931, 0.368645, 1.      , 0.      , 0.756515, 0.037131, 0.050172, 0.756515, 0.037131, 0.07952 , 0.756515, 0.037131, 0.100343, 0.756515, 0.037131, 0.116495, 0.756515, 0.037131, 0.129692, 0.756515, 0.037131, 0.14085 , 0.756515, 1.      , 0.      , 0.279362, 1.      , 0.      , 0.739754, 1.      , 0.      , 0.547469, 0.463762, 0.129692, 0.47885 , 0.137402, 0.979932, 0.368645, 0.235406, 0.050172, 0.599139, 0.578317, 0.050172, 0.538387, 1.      , 0.      , 0.380946, 1.      , 0.      , 0.389065, 1.      , 0.      , 0.633672, 0.543082, 0.292646, 0.336272, 0.111393, 0.979932, 0.368645, 1.      , 0.      , 0.498963, 0.273844, 0.587378, 0.563441, 1.      , 0.      , 0.490709, 0.569074, 0.331129, 0.474276, 0.095983, 0.979932, 0.368645, 0.037131, 0.979932, 0.368645, 0.233384, 0.57359 , 0.527542, 0.745284, 0.100343, 0.483269, 1.      , 0.      , 0.51909 , 0.037131, 0.050172, 0.51909 , 1.      , 0.      , 0.494152, 1.      , 0.      , 0.425937, 1.      , 0.      , 0.336758, 0.151772, 0.050172, 0.633672, 0.095983, 0.07952 , 0.51909 , 1.      , 0.      , 0.583098, 0.133114, 0.979932, 0.368645, 1.      , 0.      , 0.444593, 1.      , 0.      , 0.486669, 0.074262, 0.979932, 0.368645, 1.      , 0.      , 0.402084, 0.037131, 0.050172, 0.402084, 1.      , 0.      , 0.30636 , 0.086216, 0.979932, 0.368645, 0.037131, 0.979932, 0.368645, 1.      , 0.      , 0.432528, 0.058851, 0.979932, 0.368645, 0.409862, 0.427247, 0.485557, 0.288931, 0.303257, 0.740083, 1.      , 0.      , 0.337408, 0.086216, 0.979932, 0.368645, 1.      , 0.      , 0.442459, 0.360637, 0.397898, 0.54541 , 0.074262, 0.979932, 0.368645, 0.54886 , 0.196015, 0.437689, 1.      , 0.      , 0.308893, 0.074262, 0.979933, 0.368645, 0.037131, 0.979933, 0.368645, 1.      , 0.      , 0.404225, 0.370041, 0.356646, 0.554232, 0.074262, 0.979933, 0.368645, 1.      , 0.      , 0.433412, 0.439545, 0.166667, 0.56861 , 0.392962, 0.379792, 0.473339, 1.      , 0.      , 0.386081, 0.67181 , 0.14085 , 0.506259, 0.58747 , 0.216838, 0.272258, 0.111393, 0.979933, 0.368645, 0.571579, 0.277126, 0.474622, 0.685616, 0.100343, 0.944027, 1.      , 0.      , 0.540628, 0.086216, 0.979933, 0.368645, 0.538361, 0.406027, 0.455622, 0.417956, 0.405227, 0.751842, 1.      , 0.      , 0.506646, 0.086216, 0.979933, 0.368645, 0.148525, 0.050172, 0.433412, 1.      , 0.      , 0.500002, 0.074262, 0.979933, 0.368645, 0.058851, 0.050172, 0.500002, 0.295132, 0.07952 , 0.475936, 0.548337, 0.15904 , 0.462333, 0.086216, 0.979933, 0.368645, 0.037131, 0.979933, 0.368645, 1.      , 0.      , 0.473254, 0.058851, 0.979933, 0.368645, 0.037131, 0.979934, 0.368645, 1.      , 0.      , 0.321473, 1.      , 0.      , 0.276314, 0.074262, 0.979934, 0.368645, 1.      , 0.      , 0.395207, 0.058851, 0.979934, 0.368645, 0.037131, 0.979934, 0.368645, 0.074262, 0.050172, 0.395207, 1.      , 0.      , 0.587998, 1.      , 0.      , 0.467599, 1.      , 0.      , 0.400027, 0.291312, 0.483939, 0.783707, 1.      , 0.      , 0.439409, 1.      , 0.      , 0.464936, 1.      , 0.      , 0.438163, 0.123347, 0.979934, 0.368645, 0.570126, 0.223737, 0.678911, 1.      , 0.      , 0.410952, 0.074262, 0.979934, 0.368645, 1.      , 0.      , 0.756515, 0.037131, 0.050172, 0.756515, 0.037131, 0.07952 , 0.756515, 0.037131, 0.100343, 0.756515, 0.037131, 0.116495, 0.756515, 0.037131, 0.129692, 0.756515, 0.037131, 0.14085 , 0.756515, 0.037131, 0.150515, 0.756515, 0.037131, 0.15904 , 0.756515, 0.037131, 0.166667, 0.756515, 0.037131, 0.173565, 0.756515, 0.037131, 0.179864, 0.756515, 0.037131, 0.185657, 0.756515, 0.037131, 0.191021, 0.756515, 0.037131, 0.196015, 0.756515, 0.037131, 0.200687, 0.756515, 0.037131, 0.205075, 0.756515, 0.037131, 0.209212, 0.756515, 0.037131, 0.213126, 0.756515, 0.037131, 0.216838, 0.756515, 0.037131, 0.22037 , 0.756515, 0.037131, 0.223737, 0.756515, 0.037131, 0.226955, 0.756515, 0.037131, 0.230035, 0.756515, 0.037131, 0.23299 , 0.756515, 0.037131, 0.235829, 0.756515, 0.178503, 0.979934, 0.368645, 0.504612, 0.07952 , 0.496456, 0.571768, 0.213126, 0.6373  , 1.      , 0.      , 0.340671, 0.086216, 0.979934, 0.368645, 0.250318, 0.050172, 0.494152, 0.058851, 0.979934, 0.368645, 1.      , 0.      , 0.502583, 0.058851, 0.979934, 0.368645, 0.037131, 0.979934, 0.368645, 0.037131, 0.979935, 0.368645, 1.      , 0.      , 0.463474, 0.037131, 0.050172, 0.463474, 0.295564, 0.07952 , 0.53368 , 1.      , 0.      , 0.460527, 1.      , 0.      , 0.508112, 1.      , 0.      , 0.314347, 1.      , 0.      , 0.587998, 1.      , 0.      , 0.408813, 0.123347, 0.979935, 0.368645, 1.      , 0.      , 0.431256, 1.      , 0.      , 0.501728, 1.      , 0.      , 0.447419, 1.      , 0.      , 0.398927, 0.095983, 0.979935, 0.368645, 1.      , 0.      , 0.487463, 0.058851, 0.979935, 0.368645, 0.281638, 0.615621, 0.884281, 0.281359, 0.309555, 0.668221, 0.074262, 0.979935, 0.368645, 0.037131, 0.979935, 0.368645, 1.      , 0.      , 0.490722, 0.058851, 0.979935, 0.368645, 1.      , 0.      , 0.333133, 0.316635, 0.050172, 0.325536, 0.504881, 0.399657, 0.474089, 0.086216, 0.979935, 0.368645, 1.      , 0.      , 0.587998, 0.718247, 0.050172, 0.509717, 1.      , 0.      , 0.383083, 0.733824, 0.07952 , 0.442206, 0.095983, 0.979935, 0.368645, 0.644942, 0.050172, 0.343503, 0.123347, 0.07952 , 0.325536, 1.      , 0.      , 0.460489, 0.086216, 0.979935, 0.368645, 0.037131, 0.979936, 0.368645, 1.      , 0.      , 0.332963, 0.477489, 0.050172, 0.630386, 0.645117, 0.292646, 0.520533, 1.      , 0.      , 0.388491, 0.544479, 0.050172, 0.587998, 1.      , 0.      , 0.504825, 0.111393, 0.979936, 0.368645, 0.423288, 0.492374, 0.463492, 1.      , 0.      , 0.587998, 1.      , 0.      , 0.501782]
==================================================
[ReplayBuffer] pos=3522, reward=0.660000, evicted_bytes=0, evicted_count=0
[Step 13524] [693430.613812] step started
[Step 13524] Action logits (dim=6): [-0.301, 0.772, -0.550, 0.065, 0.832, -0.325]
[TIMING][Python] Model inference (softmax): 0.000176 seconds
[TIMING][Python] Wait for C ready: 0.000036 seconds (1 iterations)
[SEM][Python] posting ack semaphore for seq 13524
[SEM][Python] sem_post ack seq 13524
[TIMING][Python] Write weights total: 0.000154 seconds (shm: 0.000050, sem_post: 0.000080)
[WEIGHTS_UPDATED] [seq 13524] dim=6/6 [0.097803, 0.285911, 0.076231, 0.141019, 0.303565, 0.095471]
[Step 13524] Weights: [0.09780256 0.28591135 0.07623129 0.14101946 0.30356455 0.09547077]
[693430.614492] weights write completed, total time 0.000680 seconds
[693430.614789] waiting for C-side response (expecting new version != 13524)
----------------------------------------

[1;33m检查日志中的错误信息...[0m
[0;32mPython日志中未检测到错误信息。[0m

[1;33mStopping stable-baselines3 training script gracefully...[0m
Python process exited gracefully.
Cleaning up shared memory file...
Removed existing shared memory file /dev/shm/loh_ac_160956189

[0;34m=== stable-baselines3 训练结果分析 ===[0m

[1;33mC++性能指标分析 (发送给RL):[0m
[0;31m未检测到C++性能指标日志。[0m

[1;33mSB3训练与奖励分析 (Python端):[0m
[0;32m检测到自定义训练/通信日志，SB3循环正常运行。[0m
📊 Step事件: 67618 次，权重写入: 13524 次

[1;33m最近的事件片段:[0m
[Step 13522] [693430.584985] step started
[Step 13522] Action logits (dim=6): [-0.662, -0.615, -0.266, -0.658, 0.481, 0.260]
[Step 13522] Weights: [0.09815819 0.10286088 0.14583167 0.09852257 0.30775642 0.24687025]
[693430.586978] weights write completed, total time 0.001993 seconds
[Step 13522] Immediate reward: 1.000 * 0.610000 + 0.000 * 0.988971 = 0.610000
[Step 13522] Observation returned to RL agent: [0.61    , 0.988971, 1.      , 0.      , 0.522608, 1.      , 0.      , 0.500206, 0.086216, 0.979927, 0.368645, 1.      , 0.      , 0.452316, 0.123347, 0.100343, 0.482908, 0.074262, 0.979927, 0.368645, 1.      , 0.      , 0.505506, 0.713579, 0.050172, 0.36697 , 0.550134, 0.344698, 0.44902 , 1.      , 0.      , 0.325536, 0.185656, 0.573511, 0.527542, 1.      , 0.      , 0.539404, 0.111393, 0.979927, 0.368645, 1.      , 0.      , 0.323775, 1.      , 0.      , 0.395211, 0.378543, 0.587334, 0.563441, 0.058851, 0.050172, 0.395211, 1.      , 0.      , 0.359719, 1.      , 0.      , 0.404382, 0.663862, 0.129692, 0.505676, 1.      , 0.      , 0.331135, 0.517708, 0.191021, 0.546587, 0.128453, 0.979927, 0.368645, 0.058851, 0.196015, 0.546587, 0.058851, 0.979927, 0.368645, 1.      , 0.      , 0.284449, 1.      , 0.      , 0.587998, 0.074262, 0.979927, 0.368645, 0.037131, 0.979927, 0.368645, 0.037131, 0.979928, 0.368645, 0.355901, 0.185657, 0.418974, 0.058851, 0.979928, 0.368645, 0.56682 , 0.100343, 0.587998, 1.      , 0.      , 0.587998, 0.285668, 0.07952 , 0.528294, 0.463883, 0.520369, 0.328569, 0.578371, 0.100343, 0.296116, 1.      , 0.      , 0.422102, 0.411369, 0.050172, 0.587998, 0.117703, 0.979928, 0.368645, 0.424309, 0.275535, 0.298479, 0.293815, 0.302152, 0.740083, 0.074262, 0.979928, 0.368645, 1.      , 0.      , 0.430158, 1.      , 0.      , 0.357086, 0.074262, 0.979928, 0.368645, 0.320553, 0.050172, 0.475936, 0.058851, 0.979928, 0.368645, 0.037131, 0.979928, 0.368645, 1.      , 0.      , 0.504555, 1.      , 0.      , 0.371797, 1.      , 0.      , 0.492038, 1.      , 0.      , 0.577754, 1.      , 0.      , 0.555465, 0.284623, 0.540878, 0.442514, 0.21933 , 0.14085 , 0.47331 , 0.647289, 0.050172, 0.542912, 0.434241, 0.278683, 0.477368, 0.260335, 0.07952 , 0.561024, 1.      , 0.      , 0.520396, 0.095983, 0.150515, 0.47331 , 1.      , 0.      , 0.401831, 0.623075, 0.400806, 0.738283, 1.      , 0.      , 0.414349, 1.      , 0.      , 0.396436, 1.      , 0.      , 0.335685, 0.467616, 0.050172, 0.756515, 0.160478, 0.979928, 0.368645, 0.213686, 0.587356, 0.563441, 1.      , 0.      , 0.419591, 1.      , 0.      , 0.499092, 0.429319, 0.416614, 0.471307, 0.428767, 0.495598, 0.566262, 1.      , 0.      , 0.424431, 1.      , 0.      , 0.561181, 0.117703, 0.979928, 0.368645, 0.037131, 0.979928, 0.368645, 1.      , 0.      , 0.679708, 0.058851, 0.979928, 0.368645, 0.599429, 0.15904 , 0.288218, 0.265478, 0.483848, 0.783707, 0.490142, 0.223737, 0.381462, 1.      , 0.      , 0.318083, 1.      , 0.      , 0.37317 , 1.      , 0.      , 0.587998, 0.111393, 0.979929, 0.368645, 1.      , 0.      , 0.5444  , 0.058851, 0.979929, 0.368645, 1.      , 0.      , 0.435318, 0.058851, 0.979929, 0.368645, 0.037131, 0.979929, 0.368645, 1.      , 0.      , 0.491488, 0.236713, 0.573537, 0.527542, 1.      , 0.      , 0.416516, 0.592539, 0.261367, 0.360858, 1.      , 0.      , 0.501601, 1.      , 0.      , 0.455305, 1.      , 0.      , 0.449266, 1.      , 0.      , 0.499304, 0.688499, 0.07952 , 0.353032, 0.128453, 0.979929, 0.368645, 0.683872, 0.100343, 0.364655, 1.      , 0.      , 0.487959, 0.202715, 0.15904 , 0.47331 , 0.272205, 0.050172, 0.574573, 0.095983, 0.979929, 0.368645, 0.762488, 0.150515, 0.503912, 0.086216, 0.166667, 0.47331 , 0.717476, 0.050172, 0.53368 , 0.086216, 0.979929, 0.368645, 1.      , 0.      , 0.454357, 0.058851, 0.979929, 0.368645, 0.507484, 0.26701 , 0.756515, 0.037131, 0.268797, 0.756515, 0.037131, 0.270542, 0.756515, 0.037131, 0.272245, 0.756515, 0.037131, 0.273909, 0.756515, 0.037131, 0.275535, 0.756515, 0.037131, 0.277126, 0.756515, 0.037131, 0.278683, 0.756515, 0.037131, 0.280207, 0.756515, 0.037131, 0.281699, 0.756515, 0.037131, 0.283162, 0.756515, 0.037131, 0.284595, 0.756515, 0.037131, 0.286001, 0.756515, 0.343033, 0.050172, 0.501595, 0.148525, 0.979929, 0.368645, 0.447526, 0.348904, 0.586028, 1.      , 0.      , 0.467185, 1.      , 0.      , 0.325738, 1.      , 0.      , 0.436691, 0.25131 , 0.200687, 0.546587, 0.10424 , 0.979929, 0.368645, 1.      , 0.      , 0.476722, 1.      , 0.      , 0.292483, 1.      , 0.      , 0.430471, 1.      , 0.      , 0.372731, 1.      , 0.      , 0.46527 , 0.473191, 0.050172, 0.376249, 0.528047, 0.24856 , 0.527477, 1.      , 0.      , 0.580903, 1.      , 0.      , 0.510235, 0.128453, 0.97993 , 0.368645, 0.074262, 0.050172, 0.580903, 0.058851, 0.97993 , 0.368645, 1.      , 0.      , 0.599139, 1.      , 0.      , 0.401699, 0.680072, 0.173565, 0.272187, 0.642085, 0.100343, 0.424918, 0.701106, 0.050172, 0.587998, 0.10424 , 0.97993 , 0.368645, 1.      , 0.      , 0.376039, 1.      , 0.      , 0.456866, 0.566014, 0.07952 , 0.46597 , 1.      , 0.      , 0.471194, 0.697346, 0.07952 , 0.517254, 0.10424 , 0.97993 , 0.368645, 0.363859, 0.14085 , 0.518282, 1.      , 0.      , 0.438717, 0.074262, 0.97993 , 0.368645, 0.037131, 0.97993 , 0.368645, 0.227587, 0.573563, 0.527542, 0.095983, 0.150515, 0.518282, 1.      , 0.      , 0.573015, 0.544029, 0.403874, 0.472591, 1.      , 0.      , 0.445904, 0.10424 , 0.97993 , 0.368645, 1.      , 0.      , 0.587998, 0.058851, 0.97993 , 0.368645, 1.      , 0.      , 0.451599, 0.687086, 0.150515, 0.42455 , 0.528979, 0.116495, 0.517124, 1.      , 0.      , 0.398301, 1.      , 0.      , 0.446728, 1.      , 0.      , 0.392257, 1.      , 0.      , 0.398069, 1.      , 0.      , 0.584709, 0.490938, 0.303257, 0.418239, 0.128453, 0.97993 , 0.368645, 0.278478, 0.615606, 0.884281, 0.058851, 0.97993 , 0.368645, 0.281077, 0.308543, 0.668221, 1.      , 0.      , 0.311284, 0.074262, 0.97993 , 0.368645, 0.539515, 0.100343, 0.390212, 0.572542, 0.07952 , 0.38732 , 0.074262, 0.979931, 0.368645, 0.50798 , 0.359223, 0.469594, 0.058851, 0.979931, 0.368645, 1.      , 0.      , 0.42072 , 1.      , 0.      , 0.436782, 1.      , 0.      , 0.451294, 1.      , 0.      , 0.382745, 0.439133, 0.205075, 0.433747, 1.      , 0.      , 0.510803, 0.111393, 0.979931, 0.368645, 0.037131, 0.979931, 0.368645, 0.037131, 0.979931, 0.368645, 1.      , 0.      , 0.535174, 1.      , 0.      , 0.418121]
[ReplayBuffer] pos=3521, reward=0.610000, evicted_bytes=0, evicted_count=0
[Step 13523] [693430.595207] step started
[Step 13523] Action logits (dim=6): [0.796, 0.461, -0.703, 0.513, 0.631, 0.339]
[Step 13523] Weights: [0.23965852 0.17140326 0.0535404  0.18047413 0.20321298 0.15171076]
[693430.597281] weights write completed, total time 0.002074 seconds
[Step 13523] Immediate reward: 1.000 * 0.660000 + 0.000 * 0.395066 = 0.660000
[Step 13523] Observation returned to RL agent: [0.66    , 0.395066, 1.      , 0.      , 0.471178, 0.41767 , 0.179864, 0.501704, 1.      , 0.      , 0.332449, 1.      , 0.      , 0.587998, 0.571584, 0.100343, 0.688016, 0.117703, 0.979931, 0.368645, 0.768401, 0.07952 , 0.471897, 0.058851, 0.979931, 0.368645, 0.037131, 0.979931, 0.368645, 0.631543, 0.257345, 0.473999, 0.058851, 0.979931, 0.368645, 1.      , 0.      , 0.50436 , 0.058851, 0.979931, 0.368645, 1.      , 0.      , 0.756515, 0.037131, 0.050172, 0.756515, 0.037131, 0.07952 , 0.756515, 0.037131, 0.100343, 0.756515, 0.037131, 0.116495, 0.756515, 0.037131, 0.129692, 0.756515, 0.037131, 0.14085 , 0.756515, 1.      , 0.      , 0.279362, 1.      , 0.      , 0.739754, 1.      , 0.      , 0.547469, 0.463762, 0.129692, 0.47885 , 0.137402, 0.979932, 0.368645, 0.235406, 0.050172, 0.599139, 0.578317, 0.050172, 0.538387, 1.      , 0.      , 0.380946, 1.      , 0.      , 0.389065, 1.      , 0.      , 0.633672, 0.543082, 0.292646, 0.336272, 0.111393, 0.979932, 0.368645, 1.      , 0.      , 0.498963, 0.273844, 0.587378, 0.563441, 1.      , 0.      , 0.490709, 0.569074, 0.331129, 0.474276, 0.095983, 0.979932, 0.368645, 0.037131, 0.979932, 0.368645, 0.233384, 0.57359 , 0.527542, 0.745284, 0.100343, 0.483269, 1.      , 0.      , 0.51909 , 0.037131, 0.050172, 0.51909 , 1.      , 0.      , 0.494152, 1.      , 0.      , 0.425937, 1.      , 0.      , 0.336758, 0.151772, 0.050172, 0.633672, 0.095983, 0.07952 , 0.51909 , 1.      , 0.      , 0.583098, 0.133114, 0.979932, 0.368645, 1.      , 0.      , 0.444593, 1.      , 0.      , 0.486669, 0.074262, 0.979932, 0.368645, 1.      , 0.      , 0.402084, 0.037131, 0.050172, 0.402084, 1.      , 0.      , 0.30636 , 0.086216, 0.979932, 0.368645, 0.037131, 0.979932, 0.368645, 1.      , 0.      , 0.432528, 0.058851, 0.979932, 0.368645, 0.409862, 0.427247, 0.485557, 0.288931, 0.303257, 0.740083, 1.      , 0.      , 0.337408, 0.086216, 0.979932, 0.368645, 1.      , 0.      , 0.442459, 0.360637, 0.397898, 0.54541 , 0.074262, 0.979932, 0.368645, 0.54886 , 0.196015, 0.437689, 1.      , 0.      , 0.308893, 0.074262, 0.979933, 0.368645, 0.037131, 0.979933, 0.368645, 1.      , 0.      , 0.404225, 0.370041, 0.356646, 0.554232, 0.074262, 0.979933, 0.368645, 1.      , 0.      , 0.433412, 0.439545, 0.166667, 0.56861 , 0.392962, 0.379792, 0.473339, 1.      , 0.      , 0.386081, 0.67181 , 0.14085 , 0.506259, 0.58747 , 0.216838, 0.272258, 0.111393, 0.979933, 0.368645, 0.571579, 0.277126, 0.474622, 0.685616, 0.100343, 0.944027, 1.      , 0.      , 0.540628, 0.086216, 0.979933, 0.368645, 0.538361, 0.406027, 0.455622, 0.417956, 0.405227, 0.751842, 1.      , 0.      , 0.506646, 0.086216, 0.979933, 0.368645, 0.148525, 0.050172, 0.433412, 1.      , 0.      , 0.500002, 0.074262, 0.979933, 0.368645, 0.058851, 0.050172, 0.500002, 0.295132, 0.07952 , 0.475936, 0.548337, 0.15904 , 0.462333, 0.086216, 0.979933, 0.368645, 0.037131, 0.979933, 0.368645, 1.      , 0.      , 0.473254, 0.058851, 0.979933, 0.368645, 0.037131, 0.979934, 0.368645, 1.      , 0.      , 0.321473, 1.      , 0.      , 0.276314, 0.074262, 0.979934, 0.368645, 1.      , 0.      , 0.395207, 0.058851, 0.979934, 0.368645, 0.037131, 0.979934, 0.368645, 0.074262, 0.050172, 0.395207, 1.      , 0.      , 0.587998, 1.      , 0.      , 0.467599, 1.      , 0.      , 0.400027, 0.291312, 0.483939, 0.783707, 1.      , 0.      , 0.439409, 1.      , 0.      , 0.464936, 1.      , 0.      , 0.438163, 0.123347, 0.979934, 0.368645, 0.570126, 0.223737, 0.678911, 1.      , 0.      , 0.410952, 0.074262, 0.979934, 0.368645, 1.      , 0.      , 0.756515, 0.037131, 0.050172, 0.756515, 0.037131, 0.07952 , 0.756515, 0.037131, 0.100343, 0.756515, 0.037131, 0.116495, 0.756515, 0.037131, 0.129692, 0.756515, 0.037131, 0.14085 , 0.756515, 0.037131, 0.150515, 0.756515, 0.037131, 0.15904 , 0.756515, 0.037131, 0.166667, 0.756515, 0.037131, 0.173565, 0.756515, 0.037131, 0.179864, 0.756515, 0.037131, 0.185657, 0.756515, 0.037131, 0.191021, 0.756515, 0.037131, 0.196015, 0.756515, 0.037131, 0.200687, 0.756515, 0.037131, 0.205075, 0.756515, 0.037131, 0.209212, 0.756515, 0.037131, 0.213126, 0.756515, 0.037131, 0.216838, 0.756515, 0.037131, 0.22037 , 0.756515, 0.037131, 0.223737, 0.756515, 0.037131, 0.226955, 0.756515, 0.037131, 0.230035, 0.756515, 0.037131, 0.23299 , 0.756515, 0.037131, 0.235829, 0.756515, 0.178503, 0.979934, 0.368645, 0.504612, 0.07952 , 0.496456, 0.571768, 0.213126, 0.6373  , 1.      , 0.      , 0.340671, 0.086216, 0.979934, 0.368645, 0.250318, 0.050172, 0.494152, 0.058851, 0.979934, 0.368645, 1.      , 0.      , 0.502583, 0.058851, 0.979934, 0.368645, 0.037131, 0.979934, 0.368645, 0.037131, 0.979935, 0.368645, 1.      , 0.      , 0.463474, 0.037131, 0.050172, 0.463474, 0.295564, 0.07952 , 0.53368 , 1.      , 0.      , 0.460527, 1.      , 0.      , 0.508112, 1.      , 0.      , 0.314347, 1.      , 0.      , 0.587998, 1.      , 0.      , 0.408813, 0.123347, 0.979935, 0.368645, 1.      , 0.      , 0.431256, 1.      , 0.      , 0.501728, 1.      , 0.      , 0.447419, 1.      , 0.      , 0.398927, 0.095983, 0.979935, 0.368645, 1.      , 0.      , 0.487463, 0.058851, 0.979935, 0.368645, 0.281638, 0.615621, 0.884281, 0.281359, 0.309555, 0.668221, 0.074262, 0.979935, 0.368645, 0.037131, 0.979935, 0.368645, 1.      , 0.      , 0.490722, 0.058851, 0.979935, 0.368645, 1.      , 0.      , 0.333133, 0.316635, 0.050172, 0.325536, 0.504881, 0.399657, 0.474089, 0.086216, 0.979935, 0.368645, 1.      , 0.      , 0.587998, 0.718247, 0.050172, 0.509717, 1.      , 0.      , 0.383083, 0.733824, 0.07952 , 0.442206, 0.095983, 0.979935, 0.368645, 0.644942, 0.050172, 0.343503, 0.123347, 0.07952 , 0.325536, 1.      , 0.      , 0.460489, 0.086216, 0.979935, 0.368645, 0.037131, 0.979936, 0.368645, 1.      , 0.      , 0.332963, 0.477489, 0.050172, 0.630386, 0.645117, 0.292646, 0.520533, 1.      , 0.      , 0.388491, 0.544479, 0.050172, 0.587998, 1.      , 0.      , 0.504825, 0.111393, 0.979936, 0.368645, 0.423288, 0.492374, 0.463492, 1.      , 0.      , 0.587998, 1.      , 0.      , 0.501782]
[ReplayBuffer] pos=3522, reward=0.660000, evicted_bytes=0, evicted_count=0
[Step 13524] [693430.613812] step started
[Step 13524] Action logits (dim=6): [-0.301, 0.772, -0.550, 0.065, 0.832, -0.325]
[Step 13524] Weights: [0.09780256 0.28591135 0.07623129 0.14101946 0.30356455 0.09547077]
[693430.614492] weights write completed, total time 0.000680 seconds
ReplayBuffer.sample_total                     658     1.7711       2.69       9.67
ReplayBuffer           1.7711

[1;33m权重更新分析 (C++端接收):[0m
[0;32m检测到权重更新，C++/Python通信正常！[0m
📊 权重更新次数: 13524

[0;34m=== 测试结论 ===[0m
[0;32mSB3集成测试成功完成！[0m
✅ C++与Python的通信正常。
✅ SB3模型训练已启动并更新。
✅ 缓存模拟正常执行。

[1;33m下一步: 运行 'tensorboard --logdir ./runs' 来可视化训练过程。[0m

[0;32mLOH与stable-baselines3集成测试完成！[0m

[1;33m两端序列号对齐摘要:[0m
Python最后一次序号: N/A
C端最后一次序号: N/A
